100
4 5 10 9 4 8 2 7 3 4 6 4 2 2 7 2 1 2 1 9 1 9 7 7 6 7 10 6 4 5 7 1 6 8 8 3 9 9 6 10 7 10 1 9 8 7 10 6 9 1 10 1 4 10 7 4 10 8 1 4 1 4 3 3 3 8 2 1 6 9 7 7 1 7 6 7 9 8 3 9 6 10 9 1 6 10 8 9 5 7 2 9 6 5 7 1 10 9 2 3
62 65 78 60
62 30 26 3 51
92 56 45 23 27 78 10 42 55 83
54 74 5 12 98 18 97 43 24
55 16 28 23
44 8 58 4 36 7 86 92
56 75
53 59 99 34 52 46 43
77 61 34
82 38 83 89
28 21 29 32 40 83
58 8 73 23
78 53
53 8
53 44 98 34 89 27 94
40 41
57
68 31
1
80 79 1 6 68 46 71 83 40
86
91 80 16 26 30 48 34 75 82
31 22 34 27 37 10 6
54 1 29 21 93 4 58
34 100 33 61 45 7
81 39 80 8 93 38 52
16 32 38 92 10 51 79 22 31 21
73 80 86 44 92 100
97 78 85 25
31 83 5 3 70
31 99 89 59 10 50 100
100
22 5 14 55 64 33
26 14 95 53 23 37 6 45
23 58 82 7 31 63 43 92
79 40 60
38 13 58 9 78 41 26 89 8
45 64 37 2 42 68 24 87 53
15 19 1 48 63 77
31 77 42 98 12 89 38 71 59 47
55 99 47 64 49 23 17
53 79 24 2 92 33 25 42 7 96
72
100 94 81 20 17 3 42 21 30
14 90 25 58 92 19 42 71
71 8 26 90 41 64 20
62 18 89 61 37 25 43 33 91 41
74 98 72 93 40 35
95 78 100 15 68 4 77 92 40
90
60 85 67 42 79 74 61 95 14 4
38
26 50 80 89
33 54 30 96 74 95 24 60 68 71
96 43 27 65 49 68 17
100 90 28 5
82 12 75 56 8 93 72 13 55 45
11 66 6 43 42 10 70 5
29
14 63 43 33
8
54 55 78 3
40 49 13
71 16 13
27 9 79
1 60 92 75 87 10 6 14
81 98
19
13 29 69 8 65 81
91 11 27 77 72 70 61 47 35
12 80 2 47 7 18 64
12 86 77 64 43 28 66
62
81 60 34 42 97 75 79
84 90 100 27 11 67
77 93 38 6 84 3 5
8 85 47 12 66 62 91 41 39
16 66 24 7 99 97 67 21
22 72 47
71 79 74 93 36 80 83 33 84
44 1 41 32 85 48
3 72 83 67 41 24 40 71 73 89
74 77 88 8 40 63 84 21 45
79
17 27 86 8 65 25
100 2 81 91 42 76 27 45 37 15
72 70 63 15 62 99 38 39
63 21 90 29 55 80 4 81 5
55 26 27 98 90
10 95 22 20 11 32 53
80 14
23 52 87 25 61 8 20 56 37
1 5 56 32 97 25
96 56 45 87 37
46 33 6 80 47 96 9
97
60 100 26 27 19 86 21 95 38 88
48 16 41 71 75 59 44 62 82
3 58
34 14 83
-40 -73 -25 -2 -30 -39 -8 -5 -19 -47 -67 -66 -86 -38 -82 -96 -75 0 -53 -63 -78 -51 -89 -80 -2 -24 -18 -87 -68 -25 -6 -34 -83 -90 -38 -73 -23 -88 -33 -56 -19 -48 -93 -66 -70 -46 -41 -84 -22 -89 -96 -55 -83 -30 -19 -51 -67 -31 -61 -9 -25 -1 -46 -43 -82 -91 -72 -7 -72 -39 -35 -20 -95 -79 -26 -58 -80 -56 -26 -28 -82 -19 -92 -100 -94 -34 -36 -56 -62 -8 -93 -98 -54 -42 -22 -27 -6 -31 -57 -87
-92 -43 -11 -81 -4 -37 -22 -77 -47 -13 -13 -70 -35 -8 -96 -45 -88 -14 -63 -57 -38 -92 -42 -14 -87 -50 -90 -36 -31 -19 -24 -11 -82 -37 -44 -96 -65 -91 -62 -6 -22 -4 -72 -83 -95 -43 -25 -4 -98 -3 -12 -2 -34 -86 -92 -7 -100 -4 -41 -57 -2 -58 -61 -9 -76 -98 -2 -20 -48 -79 -27 -76 -65 -67 -25 -63 -41 -36 -89 -20 -2 -32 -4 -12 -23 -76 -14 -9 -67 -44 -38 -65 -19 -49 -59 -99 -91 -79 -48
-31 -40 -3 -95 -84 -95 -82 -42 -57 -96 -29 -43 -12 -29 -17 -65 -33 -69 0 -63 -67 -17 -70 -81 -62 -47 -17 -91 -25 -8 -17 -59 -38 -53 -96 -73 -29 -14 -65 -57 -43 -80 -67 -81 -98 -28 -15 -41 -61 -62 -74 -93 -81 -98 -84 -43 -49 -71 -47 -17 -40 -3 -19 -31 -66 -97 -60 -25 -95 -8 -61 -76 -75 -68 -64 -77 -22 -98 -16 -74 -41 -82 -60 -59 -67 -55 -11 -44 -69 -8 -89 -25 -33 -80 -98 -58 -89 -40
-84 -89 -80 -80 -17 -8 -23 -79 -32 -18 0 -95 -57 -79 -75 -75 -70 -85 -44 -70 -96 -69 -80 -22 -94 -22 -53 -65 -50 -2 -90 -20 -98 -40 -44 -66 -55 -45 -99 -68 -45 -58 -5 -65 -63 -90 -58 -56 -66 -34 -92 -16 -87 -34 -61 -83 -18 -36 -79 -17 -100 -2 -81 -4 -57 -6 -45 -55 -87 -67 -55 -100 -76 -93 -1 -98 -7 -73 -53 -21 -8 -45 -65 -10 0 -36 -66 -88 -54 -12 -24 -80 -51 -52 -2 -80 -84
-1 -76 -49 -21 -51 -76 -92 -65 -27 -92 -78 -79 -92 -83 -61 -21 -68 -75 -82 -57 -77 -49 -37 -86 -63 -93 -59 -80 -53 -79 -36 -67 -12 -65 -68 -42 -20 -71 -38 -5 -53 -47 -66 -73 -82 -40 -17 -42 -84 -49 -44 -51 -42 -72 -9 -30 -10 -60 -99 -41 -35 -8 -14 -7 -7 -23 -15 -48 -39 -29 -71 -84 -99 -6 -89 -71 -30 -40 -69 -70 -94 -50 -58 -56 -21 -20 -89 -68 -98 -12 -85 -1 -80 -92 -66 -78
-57 -81 -50 -94 -56 -99 -61 -28 -62 -43 -87 -46 -75 -80 -5 -66 -9 -30 -56 -35 -75 -27 -6 -17 -42 -99 -23 -89 -90 -9 -81 -93 -10 -45 -29 -84 -67 -80 -69 -89 -64 0 -89 -27 -64 -24 -24 -52 -36 -1 -72 -83 -15 -40 -54 -21 -83 -51 -35 -87 -31 -16 -90 -86 -88 -84 -64 -52 -65 -45 -30 -50 -24 -31 -55 -86 -50 -62 -27 -70 -84 -54 -35 -3 -42 -95 -69 -60 -16 -24 -85 -29 -4 0 -50
-11 -70 -36 -23 -70 -59 -76 -2 -71 -19 -55 -19 -46 -16 -18 -29 -21 -90 -54 -58 -63 -15 -33 -55 -83 -76 -36 -6 -44 -15 -76 -77 -89 -19 -33 -96 -10 -35 -29 -44 -44 -40 -74 -61 -8 -9 -1 -95 -10 -75 -59 -57 -79 -15 -20 -70 -51 -89 -7 -4 -94 -37 -66 -73 -76 -47 -95 -19 -29 -64 -82 -3 -9 -11 -23 -27 -71 -31 -41 -62 -83 -54 -39 -1 -71 0 -34 -14 -6 -52 -68 -27 -33 -67
-88 -73 -22 -81 -17 -37 -41 -38 -29 -16 -63 -41 -17 -20 -56 -87 -9 -81 -7 -61 -9 -18 -18 -62 -68 -3 -41 -63 -21 -40 -91 -1 -60 -71 -37 -97 -88 -70 -89 -58 -59 -14 -62 -31 -83 -98 -18 -70 -66 -23 -68 -52 -72 -72 -28 -9 -12 -90 -93 -28 -73 -7 -73 -87 -15 -10 -85 -55 -69 -49 -97 -89 -87 -82 -32 -28 -4 -60 -76 -70 -63 -95 -32 -58 -75 -7 0 -10 -20 -9 -97 -100 0
-60 -38 -78 -62 -82 -91 -21 -87 -54 -3 -74 -18 -84 -86 -48 -93 -98 -3 -19 -16 -14 -40 -5 -64 -100 -63 -80 -95 -53 -60 -93 -93 -86 -50 -7 -100 -73 -49 -42 -60 -27 -91 -3 -37 -5 -45 -43 -83 -32 -45 -68 -58 -59 -99 -66 -91 -24 -15 -2 -65 -61 -68 -44 -35 -92 -42 -28 -11 0 -99 -2 -85 -62 -86 -5 -17 -37 -94 -85 -53 -13 -84 -50 -87 -4 -56 -42 -2 -24 -56 -21 -70
-50 -73 -36 -51 -92 -89 -71 -73 -53 -89 -5 -13 -6 -54 -77 -41 -99 -4 -94 -63 -26 -61 -72 -68 -55 -32 -62 -8 -23 -44 -41 -57 -99 -19 -92 -93 -88 -1 -9 -21 -99 -17 -1 -70 -92 -83 -32 -44 -93 -29 -27 -41 -57 -48 -77 -87 -85 -48 -70 -95 -96 -36 -9 -91 -61 -10 -98 -23 -47 -97 -95 -44 -63 -8 -64 -74 -55 -31 -28 -84 -67 -55 -12 -87 -43 -9 -58 -25 -95 -90 -77
-22 -56 -48 -31 -92 -47 -77 -100 -68 -55 -47 -24 -62 -27 -78 -63 -32 -31 -38 -45 -61 -18 -18 -57 -87 -63 -57 -20 -24 -1 -99 -69 -75 -52 -49 -38 -97 -3 -18 -66 -18 -51 -62 -4 -95 -19 -100 -32 -11 -26 -83 -24 -8 -64 -28 -52 0 -44 -64 -49 -10 -53 -6 -75 -82 -98 -17 -69 -29 -26 -27 -39 -96 -97 -17 -99 -76 -5 -57 -23 -65 -100 -91 -75 -34 -21 -43 -83 -54 -56
-100 -95 -35 -77 -61 -53 -15 -29 -96 -34 -93 -59 -9 -68 -95 -5 -53 -11 -68 -19 -25 -86 -54 -73 -52 -60 -29 -38 -97 -21 -45 -3 -62 -77 -29 -92 -54 -100 -71 -55 -74 -13 -95 -44 -42 -61 -52 -66 -73 -43 -33 -91 -66 -85 -49 -71 -18 -12 -68 -90 -17 -97 -29 -65 -14 -7 -23 -63 -10 -94 -97 -83 -73 -49 -99 -19 -27 -91 -43 -94 -30 -32 -87 -62 -2 -42 -95 -45 -42
-52 -63 -14 -32 -64 -21 -13 -70 -31 -52 -45 -13 -71 -71 -40 -30 -11 -26 -29 -14 -66 -68 -75 -90 -82 -62 -48 -38 -83 -33 -46 -32 -4 -9 -57 -10 -44 -43 -50 -8 -1 -40 -84 -77 -79 -24 -79 -79 -80 -97 -74 -30 -29 -53 -99 -54 -45 -76 -35 -88 -67 -37 -81 -40 -65 -27 -52 -5 -18 -77 -54 -78 -57 -56 -42 -94 -48 -57 -8 -34 -96 -8 -75 -73 -31 -84 -12 -63
-89 -33 -93 -28 -82 -26 -2 -31 -69 -87 -8 -58 -33 -6 -32 -73 -71 -65 -99 -6 -75 -48 -57 -78 -24 -54 -5 -29 -12 -15 -7 -83 -41 -40 -7 -92 -80 -71 -78 -82 -52 -75 -44 -48 -75 -100 -73 -30 -56 -20 -84 -67 -34 -27 -21 -82 -56 -90 -29 -9 -97 -37 -1 -87 -13 -50 -96 -20 -22 -69 -94 -83 -36 -23 -8 -89 -90 -46 -37 -31 -28 -53 -93 -84 -97 -84 -93
-77 -63 -18 -56 -81 -7 -36 -49 -87 -75 -25 -39 -20 -34 -70 -33 -61 -5 -58 -25 -8 -47 -42 -93 -61 -7 -8 -72 -72 -99 -9 -50 -31 -24 -51 -96 -35 -64 -48 -34 -16 -78 -66 -77 -33 -27 -49 -80 -35 -72 -45 -42 -82 -81 -52 -52 -1 -2 -35 -30 -62 -76 -2 -64 -88 -66 -5 -99 -87 -90 -28 -67 -72 -40 -74 -96 -90 -1 -61 -37 -42 -98 -55 -26 -44 -24
-87 -17 -33 -18 -75 -73 -82 -16 -77 -97 -44 -44 -65 -72 -41 -71 -60 -5 -65 -99 -24 -18 -6 -80 -88 -8 -39 -66 -3 -35 -59 -50 -32 -82 -96 -70 -70 -56 -20 -98 -54 -100 -71 -16 -100 -16 -95 -54 -38 -84 -75 -29 -92 -55 -26 -70 -10 -14 -73 -4 -36 -97 -1 -10 -78 -31 -25 -20 -33 -61 -6 -56 -50 -30 -49 -17 -76 -11 -19 -20 -36 -7 -83 -63 -49
-3 -66 -77 -32 -73 -86 -58 -27 -15 -10 -98 -32 -33 -42 -20 -44 -1 -58 -98 -39 -90 -25 -62 -9 -44 -53 -3 -68 -24 -44 -71 -56 -79 -58 -98 -85 -91 -87 -39 -82 -63 -45 -47 -35 -2 -78 -24 -44 -48 -6 -31 -94 -47 -54 -39 -43 -86 -74 -19 -52 -42 -4 -81 -87 -29 -100 -97 -66 -85 -59 -40 -44 -32 -78 -68 -47 -77 -86 -77 -55 -100 -25 -61 -65
-37 -59 -52 -1 -7 -81 -92 -81 -37 -43 -62 -88 -96 -80 -63 -74 -22 -67 -74 -8 -8 -34 -64 -96 -49 -84 -79 -48 -97 -21 -40 -7 -79 -7 -40 -45 -86 -47 -15 -19 -96 -20 -25 -31 -67 -90 -26 -1 -10 -49 -40 -69 -53 -63 -90 -39 -43 -64 -13 -83 -98 -53 -66 -37 -31 -17 -33 -73 -20 -71 -3 -7 -14 -20 -22 -16 -9 -16 -17 -61 -79 -71 -19
-24 -28 -81 -69 -89 -95 -46 -18 -39 -94 -85 -51 -46 -45 -80 -16 -55 -86 -60 -27 -5 -11 -59 -37 -61 -42 -77 -51 -10 -70 -34 -83 -38 -9 -42 -30 -92 -60 -95 -51 -46 -70 -53 -16 -27 -67 -78 -27 -34 -9 -85 -86 -15 -47 -46 -54 -70 -80 -62 -39 -48 -91 -47 -33 -32 -68 -96 -85 -47 -83 -88 -82 -59 -44 -10 -80 -87 -6 -17 -62 -8 -85
-30 -91 -18 -46 -44 -84 -85 -93 -51 -39 -74 -82 -29 -90 -8 -17 -12 -78 -76 -47 -18 -76 -45 -99 -73 -48 -89 -80 -11 -80 -19 -19 -57 -60 -15 -25 -95 -45 -10 -58 -11 -50 -27 -10 -42 -15 -84 -13 -54 -78 -9 -95 -74 -84 -33 -23 -25 -93 -21 -60 -9 -100 -49 -22 -30 -13 -72 -57 -9 -44 -74 -84 -80 -49 -6 -48 -1 -69 -52 -44 -48
-25 -75 -13 -68 -61 -92 -31 -74 -93 -8 -50 -49 -78 -25 -31 -52 -40 -5 -81 -34 -100 -33 -45 -80 -60 -35 -14 -25 -57 -4 -21 -64 -60 -21 -1 -76 -48 -5 -5 -19 -27 -24 -6 -31 -95 -13 -89 -21 -24 -80 -34 -21 -77 -25 -75 -51 -3 -4 -85 -96 -37 -41 -32 -58 -23 -98 -22 -47 -73 -32 -70 -84 -78 -77 -63 -13 -17 -81 -19 -47
-15 -57 -10 -63 -17 -16 -16 -56 -49 -32 -15 -59 -77 -12 -4 -36 -51 -91 -39 -44 -79 -11 -97 -38 -70 -73 -94 -39 -83 -90 -30 -74 -31 -53 -99 -92 -54 -61 -91 -1 -35 -79 -52 -78 -39 -6 -22 -92 -71 -13 -9 -57 -50 -75 -58 -73 -33 -61 -60 -82 -7 -43 -65 -23 -4 -23 -49 -98 -44 -6 -8 -40 -39 -26 -69 -70 -24 -15 -25
-43 -37 -24 -73 -85 -73 -62 -31 -20 -56 -33 -33 -83 -41 -23 -29 -62 -61 -3 -47 -32 -6 -29 -85 -22 -82 -68 -27 0 -28 -16 -80 -55 -49 -14 -19 -97 -68 -24 -80 -38 -10 -64 -63 -11 -1 -21 -22 -86 -14 -96 -45 -88 -36 -95 -88 -47 -24 -65 -69 -67 -66 -64 -24 -62 -6 -57 -14 -86 -26 -48 -79 -79 -48 -28 -8 -6 -66
-23 -98 -44 -31 -99 -53 -61 -81 -3 -24 -54 -11 -28 -38 -34 -31 -64 -20 -63 -45 -97 -76 -17 -59 -67 -6 -23 -51 -84 -91 -88 -11 -7 -66 -13 -12 -45 -61 -27 -63 -23 -1 -35 -69 -32 -64 -29 -67 -3 -44 -31 -15 -15 -29 -26 -52 -56 -72 -91 -34 -30 -41 -69 -73 -22 -23 -67 -17 -58 -78 -63 -24 -52 -80 -42 -82 -98
-16 -94 -68 -83 -21 -38 -9 -91 -42 -99 -4 -63 -30 -60 -100 -95 -50 -43 -10 -38 -43 -18 -8 -18 -48 -5 -83 -63 -62 -69 -23 -58 -55 -57 -49 -84 -87 -69 -91 -26 -15 -62 -40 -90 -45 -65 -30 -46 -100 -60 -51 -20 -32 -48 -71 -60 -83 -17 -85 -91 -67 -69 -51 -67 -63 -63 -26 -20 -37 -27 -58 -47 -40 -92 -18 -54
-83 -49 -65 -23 -32 -71 -2 -48 -37 -6 -43 -71 -50 -10 -52 -96 -51 -88 -31 -17 -50 -8 -56 -91 -83 -70 -57 -44 -86 -22 -95 -28 -56 -23 -80 -23 -59 -66 -21 -16 -86 -17 -97 -22 -44 -67 -56 -6 -14 -55 -11 -30 -73 0 -20 -61 -64 -13 -73 -95 -29 -30 -43 -74 -83 -56 -83 -31 -19 -4 -47 -30 -100 -53 -29
-96 -77 -63 -65 -45 -41 -22 -54 -49 -34 -50 -40 -1 -13 -80 -21 -13 -64 -29 -12 -33 -40 -21 -10 -83 -53 -51 -42 -48 -91 -52 -92 -32 -78 -24 -38 -49 -62 -31 -41 -11 -89 -58 -77 -50 -78 -73 -39 -59 -66 -25 -65 -24 -63 -80 -78 -33 -53 -23 -97 -10 -76 -53 -22 -11 -100 -25 -99 -19 -74 -73 -46 -83 -30
-48 -36 -38 -67 -98 -63 -71 -62 -17 -24 -49 -41 -55 -86 -74 -24 0 -45 -51 -79 -35 -49 -43 0 -6 -60 -44 -80 -85 -97 -82 -78 -34 -54 -57 -11 -46 -70 -16 -55 -63 -52 -10 -52 -7 -32 -81 -37 -96 -37 0 -2 -83 -77 -34 -42 -3 -18 -41 -52 -76 -72 -68 -64 -16 -48 -90 -92 -82 -69 -59 -48 -99
-87 -96 -48 -51 -79 -56 -14 -77 -44 -45 -44 -13 -54 -73 -86 -26 -70 -80 -81 -22 -8 -91 -76 -3 -9 -1 -13 0 -89 -13 -13 -25 -20 -63 -30 -13 -27 0 -91 -31 -45 -67 -36 -80 -57 -61 -1 -18 -90 -22 -38 -55 -64 -22 -35 -69 -76 -83 -59 -62 -25 -51 -87 -15 -66 -16 -24 -74 -40 -49 -85 -79
-78 -89 -42 -46 -87 -25 -65 -94 -60 -63 -97 -67 -55 -4 -56 -85 -64 -59 -11 -57 0 -51 -74 -8 -51 -77 -40 -11 -13 -4 -48 -48 -55 -14 -87 -53 -46 -21 -22 -75 -20 -7 -69 -93 -58 -73 -19 -39 -34 -35 -79 -22 -36 -94 -24 -74 -19 -55 -48 -48 -4 -72 -71 -33 -46 -100 -57 -85 -26 -86 -93
-24 -51 -47 -5 -46 -80 -16 -79 -63 -10 -15 -14 -9 -53 -34 -67 -1 -13 -93 -39 -36 -87 -91 -17 -39 -83 -13 -11 -44 -100 -56 -20 -48 -89 -53 -79 -4 -88 -14 -39 -39 -11 -78 -37 -80 -26 -60 -22 -9 -18 -58 -4 -61 -90 -76 -18 -74 -43 -80 -33 -99 -74 -1 -74 -2 -61 -59 -13 -11 -27
-8 -60 -78 -52 -1 -39 -50 -10 -3 -97 -74 -50 -57 -86 0 -17 -69 -95 -79 -8 -15 -10 -96 -62 -95 -79 -92 -99 -40 -1 -93 -73 -29 -13 -18 -38 -28 -9 -17 -100 -63 -24 -20 -92 -66 -27 -41 -92 -80 -3 -54 -13 -74 -75 -43 -97 -10 -98 -88 -67 -42 -96 -78 -55 -97 -14 -57 -52 -59
-2 -99 -54 -78 -54 0 -34 -3 -57 -14 -32 -47 -77 -77 -33 -3 -94 -9 -32 -31 -43 -6 -82 -51 -55 -94 -87 -53 -88 -72 -65 -87 -14 -62 -21 -78 -33 -83 -96 -45 -30 -55 -100 -15 -24 -41 -44 -92 -66 -8 -45 -73 -97 -62 -8 -16 -85 -79 -26 -83 -18 -86 -59 -50 -78 -8 -43 -30
-63 -10 -52 -99 -6 -33 -17 -52 -43 -96 -13 -32 -92 -53 -37 -43 -50 -34 -4 -78 -83 -63 -92 -46 -19 -95 -100 -26 -19 -16 -73 0 -62 -48 -72 -61 -45 -8 -40 -5 -51 -62 -61 -47 -22 -19 -97 -40 -69 -8 -21 -52 -59 -93 -32 -44 -100 -47 -4 -67 -8 -75 -5 -18 -74 -3 -78
-43 -84 -89 -99 -36 -63 -99 -45 -79 -85 -53 -61 -2 -68 -34 -74 -5 -24 -39 -66 -28 -62 -72 -100 -23 -38 -67 -28 -41 -72 -75 -25 -23 -37 -64 -76 -24 -43 -3 -24 -93 -88 -1 -53 -48 -39 -34 -78 -9 -80 -27 -12 -11 -62 -52 -57 -10 -69 0 0 -54 -71 -2 -4 -70 -73
-58 -62 -30 -48 -12 -45 -10 -84 -33 0 -72 -70 -86 -56 -77 -81 -87 -31 -20 -7 -26 -58 -31 -44 -25 -17 -80 -91 -68 -44 -71 -57 -45 -75 -74 -97 -8 -48 -43 -24 -70 -97 -52 -6 -76 -59 -74 -63 -83 -27 -100 -32 -54 -22 -57 -71 -67 -76 -84 -94 -98 -89 -20 -22 -18
-56 -63 -58 -18 -98 -39 -15 -82 -64 -10 -69 -80 -95 -88 -27 -14 -67 -50 -35 -53 -3 -78 -83 -45 -35 -95 -16 -85 -2 -54 -8 -95 -48 -48 -78 -15 -16 -83 -93 -100 -61 -56 -18 -75 -44 -100 -17 -63 -61 -92 -79 -96 -86 -18 -57 -6 -98 -39 -24 -39 -97 -76 -59 -84
-9 -22 -52 -2 -19 -61 -76 -31 -29 -32 -57 -41 -13 -100 -46 -9 -25 -60 -88 -93 -93 -60 0 -15 -65 -87 -56 -17 -3 -53 -51 -59 -94 -97 -68 -17 -65 -91 -63 -99 -95 -8 -25 -74 -85 -41 -77 -11 -23 -48 -72 -92 -49 -65 -68 -22 -28 -19 -90 -34 -1 -14 -16
-23 -43 -89 -56 -97 -86 -1 -2 -33 -83 -70 -9 -60 -61 -47 -44 -95 -100 -82 -31 -1 -74 -29 -51 -52 -5 -57 -74 -77 -10 -97 -59 -98 -61 -44 -9 -5 -32 -40 -2 -94 -79 -69 -56 -63 -64 -49 -41 -47 -1 -94 -35 -10 -49 -61 -82 -77 -88 -97 -28 0 -7
-5 -81 -9 -100 -59 -70 -94 -77 -50 -3 -23 -52 -42 -13 -95 -92 -1 -18 -69 -28 -31 -71 -95 -31 -29 -28 -45 -93 -17 -72 -33 -95 -19 -43 -7 -61 -96 -93 -2 -55 -82 -60 -100 -58 -25 -95 -5 -27 -33 -72 -56 -48 -46 -32 -7 -90 -41 -1 -48 -69 -86
-34 -58 -14 -83 -33 -39 -21 -71 -9 -2 -17 -80 -11 -93 -92 -39 -25 -26 -16 -56 -82 -12 -3 -73 -31 -10 -80 -66 -64 -14 -30 -29 -54 -60 -38 -38 -26 -56 -64 -65 -72 -28 -100 -3 -71 -23 -96 -22 -29 -14 -31 -16 -66 -49 -71 -59 -60 -44 -61 -85
-67 -37 -27 -14 -71 -43 -94 -7 -42 -97 -48 -56 -29 -22 -53 -19 -80 -30 -58 -21 -19 -52 -49 -75 -73 -52 -17 -58 -7 -91 -93 -86 -92 -93 -95 -36 -34 0 -12 -75 -15 -48 -52 -90 -88 -24 -15 -13 -2 -77 -12 -42 -84 -30 -38 -20 -16 -79 -64
-97 -15 -7 -61 -73 -81 -15 -73 -61 -64 -10 -1 -62 -93 -52 -59 -34 -48 -77 -44 -60 -59 -63 -27 -74 -22 -100 -13 -40 -78 -38 -93 -57 -75 -36 -92 -82 -89 -99 -54 -59 -40 -13 -6 -66 -62 -31 -27 -21 -46 -35 -89 0 -72 -35 -37 -88 -99
-41 -32 -99 -38 -98 -92 -60 -94 -61 -97 -13 -29 -62 -47 -26 -96 -5 -25 -70 -39 -28 -59 -48 -28 -95 -92 -99 -78 -4 -5 -30 -76 -5 -1 -65 -89 -23 -94 -43 -94 -52 -83 -12 -65 -73 -29 -42 -32 -40 -7 -60 -56 -24 -69 -28 -16 -76
-21 -58 -4 -46 -53 -13 -79 -89 -90 -5 -30 -19 -72 -61 -70 -20 -50 -87 -81 -50 -67 -76 -90 -1 -70 -79 -55 -76 -67 -27 -55 -94 -67 -44 -61 -12 -98 -13 -100 -26 -60 -16 -67 -65 -58 -24 -35 -94 -65 -87 -68 -57 -75 -96 -42 -100
-77 -38 -75 -93 -68 -54 -68 -12 -26 -68 -68 -90 -42 -49 -67 -93 -100 -48 -26 -78 -43 -95 -97 -62 -53 -11 -13 -49 -34 -36 -79 -73 -53 -6 -3 -64 -3 -50 -89 -61 -71 -77 -94 -27 -59 -65 -86 -23 -94 -62 -29 -88 -40 -46 -69
-79 -57 -36 -43 -29 -25 -43 -28 -30 -53 -96 -51 -21 -25 -38 -39 -56 -74 -84 -26 -20 -49 -7 -82 -38 -6 -67 -81 -34 -85 -42 -54 -54 -8 -98 -83 -36 -63 -6 -3 -26 -26 -67 -1 -10 -27 -12 -28 -12 -86 -6 -67 -1 -7
-6 -75 -75 -91 -46 0 -84 -59 -95 -30 -12 -64 -5 -87 -36 -90 -57 -2 -50 -43 -92 -85 -63 -45 -39 -40 -58 -83 -96 -12 -12 -76 -61 -59 -33 -50 -11 -88 -82 -60 -60 -14 -47 -74 -52 -70 -30 -65 -80 -56 -6 -48 -37
-59 -53 -76 -8 -84 -83 -48 -74 -57 -100 -77 -86 -8 -59 -23 -1 -85 -63 -87 -7 -99 -81 -59 -75 -96 -25 -70 -48 -59 -78 -42 -55 -47 -6 -37 -79 -6 -31 -2 -81 -41 -87 -78 -31 -53 -14 -92 -60 -75 -90 -74 -27
-34 -27 -22 0 -79 -71 -98 -51 -66 -28 -39 -98 -98 -98 -10 -59 -12 -78 -68 -91 -23 -77 -83 -71 -66 -5 -14 -3 -75 -63 -82 -58 -2 -7 -79 -21 -79 -11 -2 -6 -24 -68 -63 -75 -98 -99 -61 -69 -28 -16 -74
-13 -17 -98 -10 -41 -25 0 -69 -36 -1 -93 -32 -77 -44 -27 -58 -87 -40 -5 -81 -4 -20 -66 -41 -42 -100 -97 -52 -73 -35 -9 -71 -21 -64 -93 -83 -98 -85 -21 -7 -53 -29 -62 -91 -17 -39 -10 -37 -61 -73
-99 -35 -55 -7 -69 -7 -75 -87 -76 -98 -46 -42 -63 -32 -77 -74 -86 -99 -62 -31 -55 -14 -59 -76 -61 -46 -41 -70 -90 -25 -41 -42 -27 -27 -21 -92 -64 -81 -19 -8 -96 -38 -94 -72 -9 -67 -87 -47 -37
-55 -37 -65 -42 -48 -69 -42 -98 -1 -66 -20 -21 -91 -53 -69 -2 -100 -39 -59 -26 -18 -83 -41 -20 -82 -7 -59 -25 -79 -71 -43 -16 -7 -58 -33 -75 -45 -78 -18 -61 -39 -89 -6 -54 -94 -92 -18 -47
-52 -57 -62 -58 -49 -33 -89 -22 -28 -24 -3 -56 -31 -10 -7 -88 -77 -64 -25 -57 -43 -31 -87 -15 -12 -94 -74 -55 -71 -30 -63 -84 -31 -64 -81 -7 -46 -55 -100 -28 -60 -17 -26 -43 -79 -69 -68
-43 -77 -93 -52 -46 -89 -23 -92 -81 -92 -72 -72 -72 -44 -41 -92 -42 -12 -91 -85 -16 -69 -58 -16 -47 -59 -65 -47 -87 -64 -10 -92 -32 -62 -28 -14 -27 -16 -63 -61 -75 -82 -7 -54 -14 -6
-47 -4 -77 -71 -31 -26 -83 -65 -62 -1 -85 -1 -82 -64 -97 -99 -9 -77 -56 -82 0 -10 -15 -49 -33 -99 -21 0 -74 -71 -71 -83 -15 -46 -15 -41 -65 -100 -83 -76 -59 -68 -85 -26 -4
-77 -32 -84 -77 -92 -96 -47 -13 -53 -35 -11 -19 -97 -17 -97 -58 -98 -97 -45 -85 -89 -11 -3 -68 -73 -2 -71 -69 -96 -99 -66 -22 -27 -79 -78 -44 -99 -80 -81 -50 -10 -58 -5 -70
-77 -73 -38 -52 -90 -94 -78 -30 -44 -9 -67 -12 -44 -90 -24 -57 -59 -70 -69 -97 -68 -90 -15 -16 -97 -33 -13 -83 -58 -71 0 -9 -3 -49 -6 -78 -23 -83 -64 -25 -94 -63 -76
-81 -90 -100 -73 -50 -62 -47 -59 -1 -48 -1 -40 -25 -52 -21 -11 -7 -16 -77 -51 -27 -74 -36 -62 -30 -15 -70 -96 -66 -78 -78 -86 -14 -74 -58 -83 -27 -69 -39 -5 -89 -94
-42 -16 -14 -89 -26 -1 -24 -77 -6 -26 -56 -7 -8 -19 -91 -25 -62 -85 -36 -43 -84 0 -67 -78 -96 -71 -94 -85 -27 -52 -40 -76 -72 -11 -78 -79 -25 -54 -45 -100 -62
-5 -65 -45 -68 -80 -62 -41 -22 -94 -2 -25 -2 -90 -77 -73 -28 -57 -23 -56 -100 -67 -37 -29 -82 -95 -81 -56 -17 -82 -65 -41 -69 -5 -97 -10 -92 -90 -87 -72 -89
-49 -33 -66 -73 -14 -81 -88 -66 -46 -33 -84 -78 -95 -94 -39 -27 -58 -63 -17 -5 -86 -68 -76 -19 -47 -89 -98 -30 -27 -69 -81 -78 -95 -77 -41 -67 -40 -100 -89
-88 -61 -90 -74 -1 -26 -99 -38 -11 -55 -20 -17 -51 -63 -43 -55 -93 -26 -37 0 -69 -77 -4 -47 -29 -68 -24 -32 -94 -90 -55 -13 -42 -71 -23 -100 -87 -59
-100 -91 -5 -45 -62 -31 -12 -31 -41 -44 -54 -57 -52 -24 -83 -1 -45 -70 -3 -71 -54 -31 -35 -93 -15 -31 -87 -12 -20 -85 -16 -21 -78 -20 -53 -100 -61
-79 -65 -72 -76 -60 -91 -35 -23 -41 -80 -28 -63 -50 -66 -51 -88 -50 -86 -72 0 -20 -88 -51 -69 -81 -66 -94 -49 -50 -12 -33 -73 -79 -3 -55 -27
-71 -21 -60 -60 -30 -89 -44 -68 -100 -70 -66 -32 -33 -49 -66 -59 -51 -88 -97 -32 -73 -29 -100 -47 -10 -22 -77 -67 -57 -33 -66 -53 -7 -44 -18
-79 -81 -27 -87 -74 -14 -40 -71 -42 -45 -64 -100 0 -19 -25 -40 -78 -51 -28 -66 -45 -26 -90 -77 -9 -37 -5 -79 -76 -20 -24 -85 -89 -85
-96 -36 -11 -56 -100 -60 -45 -7 -54 -41 -30 -52 -6 -5 -69 -75 -3 0 -31 -50 -63 -92 -93 -53 -85 -31 -15 -18 -33 -3 -49 -31 -16
-40 -88 -18 -30 -58 -76 -91 -36 -27 -66 -14 -50 -59 -79 -30 -91 -69 -92 -32 -82 -53 -76 -57 -86 -80 -96 -20 -15 -5 -50 -23 -57
-34 -55 -27 -77 -73 -44 -64 -28 -60 -38 -73 -36 -50 -63 -67 -31 -75 -82 -61 -37 -82 -96 -10 -84 -39 -40 -77 -63 -68 -47 -76
-17 -45 -21 -49 -53 -38 -75 -85 -3 -93 -17 -47 -66 -68 -73 -66 -23 -49 -5 -15 -37 -70 -35 -15 -74 -74 -55 -52 -24 -26
-5 -19 -28 -68 -10 -18 -29 -63 -29 -48 -91 -21 -91 -87 -18 -19 -34 -18 -17 -83 -51 0 -41 -88 -29 -87 -97 -4 -60
-80 -91 -77 -17 -54 -86 -41 0 -53 -92 -48 -67 -16 -62 -59 -83 -18 -84 -30 -42 -43 -18 -23 -9 -60 -12 -23 -96
-41 -96 -61 -4 -15 -42 -96 -51 -42 -76 -75 -61 -100 -71 -53 -28 -39 -78 -84 -48 -29 0 -70 -80 -93 -18 -95
-35 -24 -90 -29 -83 -54 -86 -65 -55 -54 -85 -13 -31 -54 -53 -98 -60 -52 -22 -70 -98 -80 -32 -98 -93 -88
-93 -11 -84 -64 -50 -77 -94 -44 -100 -38 -81 -47 -61 -50 -44 -51 -83 -77 -80 -75 -65 -30 -46 -97 -7
-25 -56 -95 -33 -52 -67 -13 -16 -7 -33 -100 -24 -7 -70 -41 -92 -35 -18 -50 -8 -8 -66 -47 -98
-27 0 -81 -92 -70 -91 -98 -8 -60 -97 -64 -1 -47 -81 -42 -46 -82 -85 -8 -29 -96 -58 -23
-67 -87 -14 -65 -15 -94 -4 -44 -56 -51 -70 -52 -71 -53 -64 -82 -95 -36 -69 -90 -56 -59
-52 -48 -6 -16 -36 -57 -45 -97 -63 -38 -40 -57 -83 -77 -89 -64 -69 -69 -56 -90 -52
-46 -30 -30 -19 -81 -39 -3 -85 -22 -69 -38 -11 -96 -37 -49 -32 -27 -8 -73 -62
-55 -3 -38 -19 -93 -39 -68 -88 -97 -7 -27 -99 -52 -31 -66 -88 -78 -65 -11
-50 -20 -45 -4 -48 -8 -21 -56 -55 -27 -29 -41 -61 -23 -34 -28 -94 -39
-3 -52 -9 -52 -36 -64 -53 -28 -48 0 -8 -82 -97 -44 -7 -24 -33
-14 -29 -9 -35 -99 -2 -21 -48 -19 -94 -35 -57 -68 -45 -93 -67
-71 -72 -10 -63 -21 -90 -78 -87 -56 -37 -71 -49 -10 -18 -89
-76 -92 -5 -16 -7 -20 -79 -48 -64 -72 -39 -42 -80 -35
-81 -67 -52 -45 -36 -66 -53 -93 -70 -10 -99 -80 -18
-70 -95 -65 -62 -29 -93 -34 -99 -3 -82 -54 -80
-28 -14 -83 -67 -34 -63 -36 -47 -3 -65 -24
-63 -67 -18 -65 -52 -3 -56 -79 -83 -60
-78 -31 -77 -94 -37 -53 -83 -90 -73
-14 -61 -39 -10 -90 -71 -76 -6
-50 -35 -90 -13 -2 -95 -10
-54 -41 -49 -73 -1 -27
-35 -14 -5 -73 -14
-4 -37 -90 -83
-87 -18 -54
-80 -65
-2
