200
9 2 8 5 2 3 4 8 1 4 1 2 3 8 7 7 8 10 6 8 2 5 4 2 3 1 6 2 4 8 8 8 10 7 8 5 9 8 4 3 2 9 9 10 9 6 4 6 1 1 4 9 7 5 4 3 2 4 7 9 7 1 8 8 7 5 3 7 8 3 8 8 4 10 3 7 1 8 7 4 1 4 10 3 7 5 6 6 1 4 3 3 3 3 2 7 8 1 8 7 1 4 3 4 8 9 8 7 6 5 9 8 9 7 3 2 4 2 10 2 10 7 4 5 4 8 4 7 1 3 1 4 6 8 7 10 3 3 8 1 5 2 6 2 6 5 9 7 4 3 10 1 3 5 1 2 3 9 6 2 3 7 10 4 10 3 9 6 10 1 3 2 10 7 3 3 1 3 9 7 2 3 5 5 5 4 9 8 10 9 10 7 2 6 7 8 7 8 6 9
50 132 92 66 179 60 143 6 36
115 161
181 72 135 13 192 131 113 59
85 4 117 31 70
7 112
191 55 114
119 108 50 22
94 93 65 104 103 166 54 142
117
102 56 34 128
52
119 33
117 25 99
133 145 66 46 149 10 156 4
66 109 23 98 144 71 129
111 145 139 122 41 24 105
165 16 181 159 117 9 3 187
108 83 138 5 27 46 171 109 157 106
127 33 101 119 142 69
51 54 180 127 123 183 159 93
160 24
33 199 178 128 90
162 169 145 81
85 184
170 40 80
187
94 10 183 13 59 57
111 159
172 39 41 27
48 142 99 181 86 158 75 67
73 107 45 180 149 187 113 133
54 68 132 162 178 153 130 185
81 114 167 152 99 192 160 48 3 164
9 163 72 131 59 135 74
138 162 56 168 105 91 180 185
100 145 109 89 30
149 163 138 24 94 112 101 85 83
109 31 127 178 35 121 86 82
99 129 170 90
146 163 68
132 169
31 82 37 62 126 67 166 169 27
192 185 48 127 69 138 98 95 40
1 129 178 121 161 11 103 42 74 22
82 66 62 65 171 131 157 132 120
93 118 112 88 16 140
21 13 10 92
19 21 190 162 170 90
148
157
69 136 111 44
186 176 69 116 164 190 148 61 180
137 141 199 112 180 94 72
30 78 176 107 141
194 8 160 128
115 31 118
80 81
50 84 32 64
189 4 80 7 98 160 15
13 98 193 172 76 92 184 132 154
169 151 175 185 83 49 3
11
90 130 20 4 25 31 6 146
70 125 131 164 75 41 36 180
60 91 140 38 139 117 76
3 96 45 181 123
96 119 107
158 122 14 35 165 151 1
199 109 33 141 27 70 9 177
45 28 141
118 129 171 176 13 9 54 199
78 51 47 118 188 11 134 169
15 49 196 172
97 120 170 119 107 196 117 72 11 159
200 187 115
59 147 141 90 2 68 131
137
40 141 125 147 19 7 67 190
28 20 101 151 29 19 85
13 166 182 2
96
177 116 179 196
104 183 170 123 70 29 95 53 174 139
178 35 198
147 11 171 159 95 154 73
68 66 165 137 101
186 183 53 109 21 30
126 29 163 103 52 175
48
96 160 124 82
112 122 71
68 192 22
83 14 171
200 143 75
14 76
166 156 88 141 178 47 66
137 78 5 136 142 121 57 18
200
3 169 119 188 114 161 83 18
3 189 33 76 2 69 183
115
11 130 139 116
172 65 150
148 177 99 22
113 22 121 135 53 129 169 125
14 144 4 89 129 195 111 196 17
174 161 195 158 150 190 197 199
37 193 56 4 105 14 144
195 99 49 137 148 6
179 25 44 47 191
176 191 160 105 113 52 161 13 36
108 152 115 79 29 177 98 186
189 173 198 1 169 66 35 89 161
103 99 70 137 9 115 164
170 137 131
141 174
138 74 154 79
85 102
168 83 60 23 38 75 185 134 13 200
21 45
35 159 158 23 13 48 164 26 68 6
74 31 179 101 134 20 162
196 124 89 82
179 26 12 166 15
125 15 59 155
104 117 45 61 83 200 96 168
107 88 199 5
23 7 143 196 119 126 191
71
198 40 38
181
128 154 172 110
110 17 198 26 5 184
159 191 79 5 92 176 88 158
84 61 147 76 116 41 112
91 191 188 10 12 199 77 148 197 3
130 88 147
96 150 22
110 168 123 112 190 99 42 178
5
131 98 52 3 59
74 130
171 56 60 75 159 25
145 11
147 74 30 24 26 54
142 138 144 18 51
94 139 140 130 193 8 5 174 160
127 175 5 131 124 139 151
194 179 157 159
162 27 48
26 129 90 158 127 67 172 31 45 162
110
132 145 180
22 150 30 169 90
19
33 71
57 77 173
135 161 1 155 18 15 59 184 72
49 200 70 53 89 170
39 38
200 112 113
38 76 107 65 25 109 31
198 60 97 114 196 136 121 101 152 146
63 116 135 113
71 96 100 87 145 50 196 31 83 120
78 66 165
165 111 178 149 24 148 106 170 131
107 140 15 121 48 176
158 168 60 96 82 159 51 144 54 95
193
193 161 169
167 36
57 171 158 1 105 132 19 71 94 25
120 182 190 67 55 50 163
159 112 158
22 104 108
69
103 63 120
30 44 93 142 132 4 137 67 189
67 167 155 161 20 128 165
103 46
73 30 165
26 106 75 104 50
183 30 125 53 110
2 66 97 12 112
147 26 184 78
181 140 196 193 3 79 169 5 175
49 56 62 166 130 53 30 193
90 164 144 134 8 60 185 51 1 34
188 57 114 26 134 93 84 184 43
113 154 162 199 155 117 8 171 183 101
41 73 158 50 102 58 60
46 100
81 69 26 124 39 182
140 96 77 29 164 30 98
2 196 149 8 34 192 147 40
13 42 136 148 64 39 107
175 5 161 198 9 39 83 133
138 193 134 173 124 114
120 28 7 107 32 25 185 24 93
-41 -24 -34 -10 -75 -78 -65 -56 -9 -22 -30 -24 -18 -41 -11 -62 -35 -37 -15 -71 -54 -91 -28 -1 -91 -60 -33 -4 -7 -63 -74 -88 -31 -74 -69 -21 -51 -94 -99 -71 -95 -33 -58 -33 -42 -53 -91 -52 -34 -54 -77 -63 -28 -35 -71 -73 -74 -77 -25 -46 -12 -85 -91 -25 -29 -60 -61 -82 -1 -89 -99 -7 -20 -85 -45 -59 -6 -78 -69 -97 -94 -4 -16 -79 -10 -40 -86 -60 -25 -49 -9 -82 -67 -2 -33 -46 -30 -35 -41 -25 -45 -30 -40 -99 -33 -32 -30 -21 -19 -97 -42 -67 -57 -36 -16 -18 -87 -73 -93 -25 -15 -45 -96 -29 -10 -61 -97 -28 -24 -95 -98 -37 -84 -29 -85 -31 -67 -51 -73 -20 -29 -65 -71 -50 -38 -90 -66 -50 -49 -1 -88 -66 -5 -100 -12 -1 -29 -99 -39 -93 -2 -93 -65 -65 -23 -73 -42 -10 -58 -16 -89 -12 -16 -4 -39 -27 -55 -42 -72 -78 -60 -10 -13 -90 -7 -15 -77 -5 -53 -22 -2 -77 -91 -28 -7 -83 -92 -31 -47 -69
-32 -22 -60 -73 -40 -47 -80 -70 -72 -64 -55 -31 -13 -91 -30 -67 -62 -35 -89 -57 -42 -81 -93 -15 -3 -27 -76 -91 -60 -37 -23 -72 -47 -38 -71 -10 -48 -17 -12 -20 -9 -37 -74 -31 -9 -38 -55 -28 -50 -56 -51 -75 -3 -12 -79 -81 -8 -86 -84 -23 -89 -12 -45 -79 -74 -47 -16 -11 -35 -41 -25 -67 -47 -72 -96 -25 -55 -5 -80 -92 -33 -16 -71 -90 -80 -48 -9 -89 -61 -75 -25 -21 -65 -86 -50 -96 -6 -83 -60 -66 -60 -49 -58 -93 -78 -66 -90 -16 -27 -17 -54 -51 -98 -22 -4 -82 -28 -40 -90 -87 -78 -52 -36 -66 -26 -92 -62 -36 -34 -61 -44 -1 -6 -36 -37 -56 -67 -87 -21 -85 -56 -43 -2 -97 -36 -43 -68 -68 -60 -29 -98 -51 -39 -14 -48 -45 -47 -18 -47 -65 -63 -19 -85 -1 -52 -97 -38 -68 -75 -28 -27 -54 -22 -20 -4 -72 -29 -45 -72 -39 -25 -25 -66 -8 -24 -80 -45 -64 -93 -87 -91 -61 -40 -37 -20 -54 -67 -20 -55
-41 -75 -98 -12 -96 -3 -15 -97 -33 -86 -40 -14 -11 -63 -38 -69 -16 -92 -83 -47 -20 -29 -53 -55 -40 -88 -56 -80 -83 -18 -61 -61 -39 -32 -95 -24 -42 -48 -76 -5 -28 -98 -25 -4 -57 -9 -3 -37 -15 -63 -62 -94 -55 -65 -99 -89 -78 -32 -12 -86 -86 -39 -61 -53 -47 -90 -45 -38 -30 -31 -38 -75 -53 -25 -22 -15 -2 -34 -11 -4 -99 -67 -28 -46 -37 -8 -44 -54 -94 -13 -36 -62 -36 -87 -34 -97 -14 -32 -8 -42 -88 -86 -77 -24 -23 -98 -4 -2 -45 -39 -87 -85 -12 -11 -28 -25 -78 -72 -36 -17 -90 -92 -47 -27 -61 -14 -85 -52 -37 -47 -75 -100 -65 -11 -73 -84 -53 -16 -49 -90 -18 -38 -13 -11 -78 -94 -28 -85 -73 -70 -37 -76 -100 -33 -41 -27 -88 -88 -4 -7 -14 -13 -85 -97 -65 -75 -71 -54 -1 -78 -15 -74 -56 -45 -79 -12 -100 -27 -22 -13 -10 -60 -35 -24 -51 -15 -38 -82 -99 -34 -72 -44 -63 -84 -61 -78 -91 -71
-8 -70 -97 -76 -96 -93 -69 -81 -79 -57 -41 -85 0 -91 0 -11 -89 -17 -90 -83 -18 -18 -80 -96 -47 -1 -42 -41 -16 -2 -86 -47 -12 -56 -38 -51 -39 -40 -25 -92 -76 -50 -22 -66 -96 -24 -28 -13 -71 -7 -52 -20 -67 -6 -45 -84 -55 -93 -86 -81 -65 -7 -5 -25 -44 -98 -10 -71 -71 -61 -39 -36 -79 -94 -87 -37 -15 -14 -74 -74 -25 -95 -82 -83 -67 -45 -90 -15 -77 -77 -68 -80 -63 -89 -64 -57 -20 -56 -52 -94 -45 -97 -13 -69 -77 -86 -39 -99 -97 -29 -74 -9 -58 -77 -43 -16 -46 -52 -69 -54 -59 -24 -23 -24 -94 -58 -72 0 -89 -47 -90 -93 -48 -57 -55 -88 -42 -37 -10 -3 -29 -18 -53 -3 -21 -7 -1 -31 -86 -54 -86 -97 -47 -30 -71 -94 -62 -77 -84 -68 -44 -35 -90 -87 -18 -52 -72 -26 -55 -88 -72 -55 -81 -14 -93 -8 -85 -27 -32 -91 -42 -92 -75 -85 -48 -90 -22 -5 -58 -32 -12 -58 -30 -67 -80 -70 0
-80 -19 -96 -22 -61 -37 -28 -16 -89 -52 -66 -15 -67 -39 -26 -26 -47 -66 -5 -75 -26 -86 -86 -11 -97 -63 -56 -19 -94 -25 -97 -14 -74 -67 -64 -50 -68 -77 -73 -98 -72 -12 -13 -69 -31 -74 -67 -26 -74 -19 -89 -76 -48 -73 -72 -9 -77 -33 -10 -85 -78 -59 -27 -18 -68 -7 -62 -39 -59 -46 -39 -71 -72 -87 -41 -65 -31 -96 -71 -66 -37 -54 -6 -86 -89 -42 -10 -41 -6 -25 -66 -88 -11 -16 -68 -52 -30 -46 -98 -11 -41 -24 -17 -64 -4 -32 -6 -14 -6 -47 -3 -6 -65 -100 -98 -86 -12 -81 -47 -77 -26 -27 -68 -58 -1 -28 -44 -5 -100 -31 -86 -48 -63 -42 -50 -4 -63 -13 -48 -53 -38 -71 -81 -77 -94 -89 -57 -82 -80 -85 -45 -85 -80 -51 -5 -66 -75 -82 -19 -77 -9 -22 -5 -29 -51 -22 -53 -78 -16 -48 -28 -47 -60 -26 -90 -28 -3 -88 -11 -35 -98 -21 -17 -2 -13 -72 -49 -23 -11 -38 -89 -88 -35 -51 -45 -47
-28 -69 -24 -3 -58 -82 -19 -6 -18 -77 -55 -29 0 -23 -61 -77 -65 -65 -49 -64 -64 -77 -88 -60 -17 0 -95 -22 -85 -95 -55 -86 -33 -48 -2 -18 -48 -95 -29 -33 -86 -2 -55 -16 -67 -33 -16 -98 -36 -28 -3 -15 -30 -3 -96 -62 -61 -68 -37 -68 -11 -84 -14 -11 -6 -79 -99 -76 -98 -31 -81 -35 -46 -98 -68 -58 -15 -53 -75 -55 -84 -94 -88 -97 -46 -66 -7 -75 -4 -71 -15 -19 -87 -47 -48 -22 -70 -34 -7 -40 -49 -34 -99 -13 -7 -92 -95 -92 -10 -91 -90 -38 -91 -98 -34 -91 -61 -54 -58 -90 -7 -12 -69 -72 -91 -18 -55 -11 -75 -7 -27 -84 -20 -24 -82 -82 -93 -72 -4 -86 -90 -82 -69 -41 -88 -60 -19 -90 -30 -73 -56 -78 -86 0 -74 -34 -75 -62 -70 -96 -62 -26 -56 -81 -11 -10 -87 -90 -100 -37 -93 -22 -44 -42 -10 -36 -46 -11 -24 -53 -88 -96 -13 -68 -18 -8 -94 -11 -61 -1 -20 -41 -2 -47 -76
-31 -27 -23 -45 -68 -90 0 -31 -92 -70 -99 -82 -23 -37 -18 -21 -79 -65 -99 -25 -23 -53 -59 -50 -77 -95 -90 -72 -40 -42 -55 -55 -82 -7 -37 -32 -84 -34 -18 -53 -21 -68 -78 -19 -53 -81 -57 -96 -35 -46 -44 -10 -47 -33 -78 -4 -24 -44 -53 -11 -41 -30 -58 -46 -25 -41 -2 -21 -53 -95 -5 -62 -28 -9 -30 -12 -37 -92 -21 -9 -93 -4 -44 -8 -24 -46 -100 -38 -3 -59 -89 -21 -86 -14 -42 -75 -82 -21 -45 -83 -63 -24 -85 -92 -12 -65 -3 -63 -94 -55 -39 -51 -55 -7 -98 -62 -26 -22 -34 -41 -62 -95 -34 -4 -33 -59 -40 -52 -61 -37 -13 -84 -58 -55 -3 -20 -93 -43 -58 -93 -97 -85 -88 -43 -8 -20 -21 -58 -1 -91 -79 -66 -76 -65 -61 -5 -3 -89 -92 -84 -79 -77 -24 -97 -79 -78 -45 -70 -7 -53 -50 -67 -76 -27 -5 -9 -55 -61 -32 -10 -81 -2 -52 -38 -80 -41 -50 -26 -75 -16 -64 -12 -71 -9
0 -83 -35 -89 -60 -17 -27 -41 -49 -25 -97 -61 -12 -40 -17 -65 -13 -52 -8 -55 -18 -80 -88 -93 -89 -50 -7 -79 -20 -59 -51 -63 -85 -99 -37 -14 -62 -72 -4 -3 -90 -36 -38 -40 -95 -98 -62 -96 -86 -22 -99 -35 -39 -82 -83 -34 -83 -93 -34 -87 -37 -42 -4 -72 -75 -16 -64 -79 -97 -73 -82 -11 -45 -62 -57 -68 -49 -92 -42 -69 -11 -50 -31 -9 -16 -16 -99 -98 -30 -85 -7 -75 -63 -77 -68 -12 -23 -1 -37 0 -32 -10 -74 -91 -33 -4 -65 -44 -61 -38 -68 -80 -18 -91 -18 -19 -66 -98 -17 -17 -46 -37 -44 -3 -58 0 -43 -53 -31 -83 -2 -84 -19 -2 -92 -15 -92 -50 -56 -16 -4 -68 -28 -27 -82 -100 -57 -42 -47 -38 -95 -93 -42 -66 -2 -14 -57 -93 -41 -30 -25 -94 -30 -87 -82 -95 -78 0 -66 -96 -47 -99 -90 -22 -13 -55 -41 -58 -76 -66 -84 -51 -17 -45 -78 -68 -35 -48 -73 -2 -6 -59 -47
-88 0 -38 -24 -3 -13 -95 -54 -96 -89 -27 -90 -99 -48 -69 -79 -49 -48 -80 -27 -61 -46 -78 -35 -76 -77 -49 -89 -29 -22 -37 -78 -5 -13 -100 -62 -91 -40 -29 -55 -74 -83 -62 -49 -42 -14 -22 -87 -92 -50 -27 -51 -30 -7 -39 -24 -80 -25 -20 -42 -24 -89 -89 -36 -83 -40 -99 -38 -65 -65 -41 -92 -30 -17 -58 -23 -81 -19 -95 -36 -30 -54 -44 -51 -26 -7 -52 -89 -77 -76 -69 0 -53 -29 -54 -50 -90 -88 -50 -3 -64 -16 -59 -56 -85 -17 -47 -21 -64 -12 -24 -48 -14 -63 -87 -91 -11 -43 -89 -85 -38 -45 -97 -27 -18 -11 -57 -72 -68 -2 -61 -73 -34 -60 -18 -1 -85 -80 -87 -78 -98 -21 -76 -25 -40 -34 -33 -64 -62 -77 -61 -55 -2 -93 -43 -87 -65 -43 -1 -53 -54 -40 -82 -44 -61 -73 -9 -45 -88 -49 -4 -17 -99 -46 -18 -26 -99 -16 -87 -77 0 -34 -61 -32 -54 -72 -73 -46 -86 -58 -11 -38
-84 -37 -57 -79 -67 -100 -1 -1 -45 -62 -18 -58 -84 -32 -93 -51 -93 -69 -28 -41 -77 -80 -96 -24 -3 -68 -55 -4 -44 -68 -20 -36 -28 -69 -55 -8 -50 -46 -11 -25 -93 -24 -78 -45 -58 -27 -93 -62 -87 -72 -42 -54 -1 -24 -27 -51 -67 -38 -49 -39 -86 -17 -12 -42 -10 -22 -59 -68 -88 -95 -66 -56 -72 -60 -34 -44 -83 -100 -61 -59 -73 -15 -38 -7 -75 -31 -14 -86 -24 -50 -40 -9 -45 -69 -15 -64 -33 -22 -76 -54 -45 -71 -15 -100 -80 -41 -95 -49 -75 -79 -6 -43 -61 -42 -19 -69 -93 -38 -94 -71 -77 -77 -9 -42 -17 -89 -52 -79 0 -57 -48 -71 -33 -83 -70 -69 -51 -35 -63 -33 -77 -55 -26 -82 -83 -82 -34 -89 -60 -63 -72 -15 -6 -32 -5 -59 -53 -54 -29 -2 -93 -62 -47 -95 -62 -78 -86 -46 -78 -82 -98 -34 -93 -81 -19 -33 -3 -1 -70 -84 -82 -29 -91 -31 -50 -85 -37 -67 -50 -60 -83
-65 -47 -18 -54 -7 -91 -78 -65 -59 -75 -19 -86 -50 -92 -87 -66 -93 -86 -10 -14 -61 -17 -77 -39 -69 -17 -95 -55 -72 -11 -19 -61 -19 -85 -72 -99 -2 -53 -78 -81 -40 -97 -95 -1 -22 -48 -53 -77 -10 -71 -37 -89 -32 -25 -8 -83 -17 -36 -88 -88 -15 -11 -90 -61 -66 -54 -90 -71 -58 -58 -17 -57 -74 -51 -12 -71 -79 -73 -58 -61 -8 -87 -82 -77 -90 -68 -46 -26 -44 -59 -4 -72 -76 -41 -56 -6 -63 -66 -86 -55 -43 -66 -9 -31 -82 -40 -11 -52 -86 -89 -34 -2 -29 -80 -28 -62 -27 -73 -9 -21 -66 -99 -44 -55 -34 -97 -95 -73 -22 -43 -63 -2 -19 -47 -34 -83 -5 -49 -42 -32 -45 -73 -25 -66 -68 -94 -51 -18 -46 -6 -87 -33 -55 -85 0 -9 -21 -94 -38 -32 -2 -36 -14 -24 -95 -66 -100 -67 -82 -79 -51 -72 -19 -71 -4 -46 -73 -39 -19 -32 -85 -39 -40 -31 -43 -45 -3 -91 -43 -13
-99 -4 -18 -77 -14 -59 -9 -4 -49 -74 -19 -73 -3 -48 -67 -94 -76 -25 -57 -44 -13 -57 -40 -55 -88 -16 -8 -11 -60 -77 -22 -11 -51 -26 -14 -7 -97 -74 -19 -74 -97 -47 -18 -81 -23 -63 -55 -90 -5 -83 -1 -68 0 -44 -11 -64 -95 -34 -25 -82 -48 -16 -50 -17 -25 -33 -73 -2 -16 -37 -67 -65 -30 -27 -5 -90 -21 -95 -7 -99 -41 -58 -25 -10 -35 -64 -61 -71 -70 -20 -30 -69 -94 -92 -63 -73 -69 -88 -52 -89 -59 -86 -71 -30 -95 -23 -88 -52 -25 -45 -73 -45 -79 -78 -88 -12 -77 -36 0 -8 -63 -21 -86 -34 -23 -46 -24 -48 -10 -83 -63 -5 -31 -46 -54 -91 -5 -89 -82 -42 -87 -66 -59 -89 -63 -84 -11 -95 -7 -70 -49 -13 -98 -53 -90 -97 -77 -71 -85 -15 -3 -39 -36 -10 -53 -84 -43 -63 -64 -32 -62 -78 -54 -9 -32 -87 -48 -51 -11 -89 -48 -78 -92 -13 -7 -3 -31 -64 -72
-12 -39 -28 -27 -53 -83 -40 -82 -72 -78 -12 -47 -48 -10 -59 -42 -37 -27 -92 0 -76 -54 -42 -2 -45 -38 -88 -69 -87 -4 -26 -74 -95 -64 -73 -69 -8 -88 -32 -15 -7 -92 -88 -1 -36 -95 -93 -16 -97 -81 -24 -17 -51 -59 -11 -74 -95 -65 -30 -48 -74 -80 -73 -71 -2 -41 -91 -57 -44 -72 -64 -28 -64 -98 -54 -25 -22 -62 -57 -1 -63 -20 -63 -27 -28 -52 -65 -64 -4 0 -35 -5 -52 -26 -32 -36 -20 -93 -85 -56 -54 0 -64 -22 -33 -64 -45 -19 -56 -24 -66 -83 -54 -26 -50 -74 -85 -30 -40 -82 -66 -98 -1 -93 -94 -49 -16 -60 -55 -24 -52 -72 -1 -60 -86 -90 -1 -20 -27 -17 -59 -35 -49 -40 -36 -55 -99 -58 -65 -60 -2 -10 -18 -79 -82 -10 -88 -14 -35 -75 -22 -56 -66 -34 -38 -52 -76 -61 -45 -9 -42 -8 -28 -32 -32 -72 -35 -95 -47 -91 -30 -29 -22 -37 -87 -4 -84 -1
-62 -100 -52 -51 -29 -81 -96 -43 -36 -7 -16 -5 -27 -91 -65 -24 -76 -87 -50 -32 -23 -66 -72 -19 -36 -17 -66 -90 -45 -8 -79 -27 -16 -5 -90 -100 -15 -85 -4 -37 -5 -14 -51 -38 -50 -31 -6 -8 -7 -75 -96 -63 -38 -58 -38 -34 -70 -31 -36 -92 -48 -50 -30 -46 0 -89 -23 -60 -18 -6 -4 -100 -95 -9 -56 -44 -81 -68 -18 -54 -72 -25 -6 -91 -80 -75 -61 -28 -89 -84 -47 -54 -72 -63 -30 -6 -58 -58 -22 -84 -87 -78 -1 -6 -43 -95 -93 -65 -77 -23 -7 -5 -18 -24 -5 -78 -71 -34 -82 -59 -35 -46 -44 -7 -45 -33 -22 -38 -42 -90 -56 -57 -73 -13 -20 -81 -13 -42 -47 -83 -79 -98 -92 -11 -91 -48 -6 -5 -62 -87 -47 -4 -4 -17 -55 -82 -80 -54 -39 -56 -20 -3 -83 -43 -74 -21 -95 -67 -83 -71 -94 -53 -15 -28 -86 -2 -31 -75 -23 -26 -27 -91 -9 -73 -34 -11 -28
-11 -5 -48 -82 -24 -71 -96 -36 -58 -62 -21 -78 -94 -78 -63 -34 -100 -35 -53 -96 -92 -6 -57 -21 -27 -80 -20 -92 -93 -30 -13 -50 -94 -48 -12 -62 -5 -21 -71 -94 -5 -81 -37 -57 -60 -31 -11 -90 -54 -100 -18 -39 -55 -83 -78 -57 -10 -72 -17 -69 -28 -88 -60 -49 -66 -78 -58 -10 -94 -89 -65 -16 -35 -84 -11 -33 -2 -99 -30 -81 -53 -43 -27 -23 -61 -52 -52 -33 -13 -63 -47 -16 -77 -48 -79 -40 -68 -42 -59 -90 -27 -6 -22 -87 -76 -5 -76 -26 -33 -34 -4 -62 -14 -98 -67 -36 -30 -79 -2 -54 -11 -74 -43 -95 -43 -48 -23 -54 -18 -79 -23 -97 -6 -52 -79 -65 -12 -60 -85 -43 -86 -33 -23 -85 -10 -58 -20 -25 -19 -25 -17 -72 -27 -32 -95 -76 -5 -83 -35 -63 -57 -82 -31 -43 -94 -96 -36 -65 -78 -44 -58 -21 -10 -36 -18 -12 -92 -3 -70 -94 -5 -79 -20 -69 -12 -6
-86 -15 0 -56 -33 -18 -7 -99 -59 -24 -60 -86 -81 -15 -11 -93 -29 -71 -45 -21 -87 -51 -12 -27 -60 -5 -80 -46 -69 -97 -6 -25 -26 -25 -85 -78 -20 -83 -48 -80 -21 -24 -9 -21 -37 -21 -74 -55 -75 -75 -7 -96 -35 -25 -30 -16 -6 -49 -64 -67 -24 -17 -10 -16 -64 -98 -49 0 -44 -65 -83 -98 -18 -93 -38 -86 -75 -75 -10 -61 -62 -22 -29 -43 -70 -80 -62 -50 -36 -47 -55 -26 -63 -74 -26 -51 -30 -48 -2 -24 -70 -90 -13 -15 -73 -36 -57 -51 -15 -71 -100 -26 -77 -46 -6 -54 -39 -15 -2 -80 -8 -66 -11 -49 -76 -15 -55 -87 -29 -72 -4 -29 -69 -61 -52 -20 -54 -99 -93 -61 -28 -8 -3 -40 -2 -76 -94 -6 -80 -91 -4 -13 -1 -69 -51 -4 -3 -15 -4 -95 -85 -61 -36 -5 -74 -39 -7 -99 -25 -43 -9 -49 -87 -60 -61 -39 -92 -46 -11 -26 -83 -42 -18 -27 -66
-79 -93 -15 -82 -93 -83 -87 -86 -24 -1 -14 -95 -17 -77 -20 -46 -88 -76 -11 -65 -91 -34 -17 -48 -76 -25 -4 -1 -46 -62 -31 -95 -88 -80 -26 -21 -53 -48 -3 -94 -69 -86 -25 -30 -76 -39 -73 0 -78 -5 -58 -19 -74 -26 -75 -85 -100 -35 -46 -46 -79 -18 -95 -42 -1 -59 -29 -45 -56 -85 -74 -22 -44 -65 -74 -24 -89 -56 -47 -75 -68 -57 -62 -51 -38 -14 -97 -18 -26 -1 -94 -3 0 -86 -95 -31 -61 -24 -88 -72 -9 -64 -23 -45 -4 -22 -26 -20 -90 -24 -37 -23 -99 -2 -69 -22 -55 -58 -68 -99 -69 -73 -86 -82 -7 -30 -14 -70 -88 -56 -98 -39 -6 -94 -16 -27 -98 -77 -86 -43 -42 -49 -50 -49 -19 -63 -28 -92 -64 -21 -57 -64 -30 -71 -94 -55 -26 -91 -70 -63 -71 -68 -68 -90 0 -9 -90 -81 -74 -31 -5 -25 -5 -63 -55 -98 -20 -14 -76 -39 -55 -54 -70 -63
-98 -85 -52 -50 -19 -68 -7 -41 -48 -82 -3 -1 -44 -71 -11 -93 -96 -85 -98 -49 -46 -14 -4 -15 -67 -97 -52 -34 -22 -70 -52 0 -88 -77 -26 -72 -91 -59 -63 -59 -16 -92 -14 -35 -13 -87 -56 -93 -71 -59 -100 -100 -60 -46 -31 -42 -7 -17 -64 -86 -38 -23 -4 -57 -30 -60 -5 -43 -58 -13 -22 -79 -15 -31 -54 -45 -73 -82 -13 -88 -26 -31 -42 -74 -60 -63 -60 -57 -1 -5 -99 -69 -32 -70 -2 -93 -30 -18 -85 -62 -17 -95 -67 -75 -30 -87 -49 -72 -83 -38 -23 -75 -80 -76 -36 -68 -73 -39 -86 -1 -92 -16 -79 -55 -49 -79 -15 -70 -4 -61 -42 -53 -72 -44 -35 -60 -32 -46 -28 -15 -41 -2 -49 -85 -77 -9 -100 -72 -35 -79 -83 -49 -21 -20 -45 -26 -71 -28 -100 -68 -49 0 -7 -60 -97 -18 -39 -18 -37 -26 -17 -6 -19 -34 -29 -10 -77 -92 -52 -77 -100 -3 -39
-16 -41 -3 -26 -13 -17 -87 -90 -68 -99 -14 -35 -94 -45 -24 -83 -84 -26 -11 -45 -5 -22 -36 -55 -1 -44 -85 -38 -17 -87 -27 -18 -75 -65 0 -11 -14 -43 -63 -100 -72 -69 -9 -73 -2 -10 -42 -2 -75 -77 -20 -67 -62 -6 -81 -63 -12 -49 -89 -25 -16 -69 -91 -1 -69 -14 -39 -17 -85 -93 -45 -63 -80 -92 -81 -4 -89 -2 -62 -61 -54 -67 -22 -22 -90 -7 -25 -92 -78 -69 -96 -84 -51 -80 -17 -24 -73 -65 -9 -26 -24 -62 -28 -38 -82 -68 -42 -7 -15 -47 -5 -42 -13 -17 -31 -70 0 -41 -32 -43 -98 -13 -34 -26 -3 -80 -12 -73 -30 -6 -19 -36 -76 -2 -90 -6 -38 -46 -24 -95 -56 -76 -85 -17 -41 0 -14 -1 -53 -50 -22 -19 -92 -59 -62 -65 -19 -45 -14 -41 -18 -23 -28 -3 -67 -43 -41 -13 -35 -7 -61 -13 -76 -54 -76 -72 -44 -73 -83 -14 -7 -51
-11 -19 -86 -69 -80 -44 -2 -67 -86 -84 -35 -16 -18 -74 -12 -61 -48 -95 -44 -29 -42 -75 -17 -3 -72 -90 -32 -60 -93 -83 -15 -55 -40 -47 -85 -32 -100 -10 -50 -69 -22 -76 -61 -23 -61 -89 -90 -67 -18 -9 -67 -1 -1 -7 -96 -23 -74 -93 -29 -64 -40 -51 -45 -81 -14 -8 -50 -64 -38 -47 -53 -69 -77 -16 -49 -90 -73 -7 -38 -100 -40 -7 -20 -17 -81 -16 -8 -98 0 -90 -2 -46 -28 -56 -21 -12 -49 -19 -38 -10 -46 -3 -23 -69 -29 -64 -14 -50 -24 -52 -75 -91 -5 -93 -25 -43 -39 -54 -3 -87 -47 -51 -28 -97 -28 -72 -88 -15 -83 -23 -13 -26 -8 -88 -26 -83 -63 0 -63 -59 -73 -92 -44 -16 -23 -58 -10 -80 -70 -79 -47 0 -71 -80 -31 -10 -33 -27 -37 -62 -85 -85 -16 -37 -35 -56 -73 -96 -52 -40 -12 -48 -2 -72 -23 -100 -61 -96 -36 -54 -73
-62 -21 -15 -92 -60 -33 -19 -99 -40 -24 -61 -49 -13 -45 -8 -98 -82 -50 -5 -31 -74 -32 -23 -22 -19 -65 -98 -56 -61 -91 -36 -62 -69 -22 -28 -92 -29 -5 -9 -39 -55 -69 -89 -91 -68 -87 -27 -43 -14 -26 -62 -42 -35 0 -10 -97 -62 -78 -62 -21 -8 -15 -88 -58 -6 -84 -5 -95 -11 -75 -33 -63 -60 -22 -61 -46 -61 -25 -9 -82 -81 -99 -14 -73 -22 -22 -2 -13 -100 -83 -78 -24 -52 -15 -15 -58 -73 -72 -30 -97 -68 -89 -39 -38 -77 -10 -64 -63 0 -38 -65 -48 -61 -60 -19 0 -27 -5 -95 -32 -88 -19 -79 -27 -63 -47 -18 -93 -95 -87 -75 -63 -11 -89 -34 -70 -34 -16 0 -77 -96 -77 -89 -85 -64 -88 -72 -65 -76 -58 -85 -77 -48 -27 -14 -67 -78 -55 -81 -64 -23 -51 -9 -15 -51 -83 -7 -46 -20 -36 -23 -46 -36 -81 -22 -44 0 -84 -46 -34
-33 -24 -65 -84 -53 -3 -3 -39 -9 -28 -98 -27 -81 -73 -74 -39 -7 -100 -35 -75 -23 -23 -58 -63 -1 -90 -80 -62 -30 -68 -67 -97 -60 -49 -17 -19 -24 -65 -49 -86 -23 -24 -14 -96 -37 -37 -27 -47 -39 -22 -27 -99 -13 -11 -63 -86 -99 -91 0 -98 -97 -37 -77 -57 -54 -55 -33 -88 -95 -98 -77 -25 -47 -33 -62 -100 -40 -49 -80 0 -30 -55 -30 -70 -89 -60 -26 -83 -81 -33 -68 -77 -45 -3 -66 -31 -20 -77 -74 -30 -2 -20 -79 -51 -26 -48 -67 -76 0 -17 -36 -50 -30 -1 -8 -78 -41 -31 -32 -90 -11 -85 -34 -81 -81 -4 -70 -21 -14 -79 -58 -93 -37 -38 -8 -1 0 -89 -23 -25 -36 -97 -43 -44 -28 -38 -42 -62 -66 -90 -57 -96 -54 -63 -59 -81 -53 -55 -76 -45 -71 -88 -97 -52 -67 -25 -29 -89 -1 -8 -89 -12 -50 -80 -100 -76 -78 -52 -68
-48 -81 -55 -84 -25 -87 -66 -53 -32 -65 -81 -54 -4 -39 -21 -2 -14 -75 -94 -28 -7 -25 -4 -7 -14 -27 -95 -51 -18 -19 -47 -31 -3 -42 -25 -50 -7 -7 0 -13 -95 -100 -36 0 -19 -97 -76 -7 -10 -23 -60 -92 -43 -60 -15 -5 -49 -62 -76 -35 -49 -93 -75 -10 -53 -42 -56 -48 -30 -3 -44 -62 -59 0 -79 -65 -73 -74 -51 -99 -100 -85 -22 -77 -18 -76 -54 -94 -72 -6 -46 -2 -18 -33 0 -28 -71 -32 -47 -45 -16 -91 -31 -75 -38 -90 -20 -31 -100 -80 -44 -22 -36 -46 -28 -20 -77 -45 -36 -10 -93 -46 -3 -2 -26 -10 -20 -29 -82 -41 -46 -75 -98 -76 -53 -82 -80 -18 -54 -54 -58 -33 -34 -12 -33 -41 -72 -61 -52 -85 -76 -16 -61 -31 -88 -79 -61 -47 0 -42 -9 -67 -80 -60 -33 -86 -74 -1 -52 -43 -41 -96 -30 -17 -68 -86 -26 -65
-73 -99 -89 -53 -88 -89 -89 -77 -63 -34 -46 -3 -98 -57 -15 -39 -70 -46 -9 -73 -58 -72 -15 -16 -22 0 -37 -73 -25 -4 -23 -70 -83 -36 -88 -13 -41 -32 -5 -58 -75 -95 -66 -4 -8 -3 -54 -97 0 -15 -8 -86 -35 -77 -81 -52 -89 -88 -6 -65 -3 -91 -32 -39 -60 -59 -61 -34 -44 -21 -32 -95 -70 -30 -41 -86 -91 -82 -45 -5 -37 -61 -90 -90 -1 -15 -5 -93 -24 -57 -92 -57 -17 -98 -7 -36 -72 -43 -63 -53 -17 -1 -95 -26 -82 -47 -70 -12 -42 -72 -90 -66 -99 -13 -72 -58 -49 -32 -30 -97 -73 -20 -5 -78 -82 -23 -14 -21 -10 -11 -56 -34 -82 -88 -78 -10 -51 -50 -81 -96 -26 -100 -29 -87 -57 -31 -90 -64 -47 -83 -92 -100 -52 -27 -47 -12 -35 -86 -92 -44 -15 -30 -13 -32 -79 -96 -36 -23 -85 -15 -94 -91 -96 -35 -35 -87 -3
-45 -66 -98 -18 -95 -45 -18 -97 -90 -87 -48 -5 -14 -96 -33 -7 -41 -17 -29 -56 -87 -22 -39 -20 -17 -36 -78 -71 -56 -50 -68 -94 -24 -87 -37 -42 -47 -89 -19 -80 -13 -94 -59 -19 -77 -30 -68 -71 -68 -39 -29 -15 -27 -61 -98 -44 -33 -71 -99 -72 -81 -5 -72 -92 -11 -46 -4 -86 -86 -74 -50 -43 -92 -45 -88 -78 -76 -77 -51 -20 -57 -43 -78 -49 -66 -15 0 -43 -81 -41 -20 -56 -69 -99 -72 -100 -12 -70 -79 -31 -18 -54 -73 -33 -6 -34 -3 -20 -66 -82 -54 -71 -77 -39 -16 -49 -18 -32 -50 -76 -39 -92 -85 -24 -32 -84 -88 -6 -25 -77 -14 -15 -50 -68 0 -62 -5 -59 -63 -21 -26 -13 -44 -9 -74 -88 -89 -73 -9 -93 -70 -20 -33 -37 -46 -59 -12 -43 -80 -79 -45 -100 -90 -79 -40 -98 -87 -54 -37 -35 -42 -11 -26 -11 -53 -62
-61 -82 -46 -60 -27 -60 -43 -53 -75 -17 -13 -63 -82 -62 -28 -17 -46 -44 -9 -8 -43 -11 -65 -64 -37 -29 -29 -70 -90 -2 -83 -62 -94 -100 -60 -20 -94 -23 -52 -50 -84 -66 -7 -66 -78 -28 -67 -41 -42 -80 -85 -67 -39 -90 -45 -87 -71 -53 -54 -8 -5 -14 -36 -65 -13 -75 -1 -51 -80 -97 -31 -53 -9 -72 -24 -2 -33 -77 -32 -75 -7 -38 -43 -33 -98 -4 -57 -99 -53 -4 -88 -76 -17 -1 -8 -7 -4 -81 -71 -73 -80 -36 -68 -51 -18 -48 -83 -21 -87 -80 -52 -87 -87 -54 -78 -99 -49 -8 -34 -51 -53 -34 -34 -10 -21 -46 -90 -83 -36 -49 -61 -82 -66 -52 -85 -60 -81 -86 -85 -88 -69 -61 -98 -97 -26 -49 0 -19 -10 -25 -79 -80 -35 -10 -42 -5 -80 -87 -91 -84 -9 -86 -4 -27 -92 0 -30 -46 -11 -29 -78 -2 -99 -28 -10
-58 -19 -54 -63 -51 -86 -93 -43 -25 -95 -30 -84 -65 -25 -4 -63 -48 -11 -73 -38 -43 -10 -66 -13 -37 -26 -43 -24 -3 -56 -61 -20 -28 -46 -7 -7 -39 -74 -8 -29 -54 -72 -88 -56 -68 -73 -91 -61 -2 -79 -87 -63 -71 -32 -30 -58 -31 -40 -4 -69 -35 -89 -78 -78 0 -57 -40 -49 -14 -34 -10 -54 -100 -13 -99 -94 -87 -61 -24 -86 -11 -25 -21 -51 -41 -35 -66 -25 -62 -57 -87 -6 -18 -18 -17 -95 -8 -77 -69 -5 -68 0 -94 -21 -100 -8 -79 -6 -82 -33 -42 -33 -5 -19 -25 -94 -1 -100 -99 -10 -22 -79 -35 -46 -97 -38 -2 -19 -32 -36 -5 -18 -19 -11 -41 -21 -21 -72 -26 -42 -53 -93 -82 -59 -50 -46 -15 -58 -29 -56 -26 -49 -7 -42 -53 -78 -8 -52 -41 -94 -21 -39 -1 -75 -43 -9 -75 -82 -64 -22 -83 -36 -30 -69
-62 -39 -58 -70 -50 -53 -74 -46 -99 -40 -8 -86 -100 -21 -50 0 -95 -20 -98 -99 -48 -89 -79 -11 -63 -27 -24 -73 -72 -89 -95 -5 -94 -41 -30 -97 -53 -35 -56 -93 -53 -88 -35 -33 -46 -42 -19 -73 -74 -95 -67 -98 -2 -9 -62 -55 -23 -87 -60 -59 -22 -37 -81 -49 -97 -70 -47 -11 -99 -17 -40 -22 -26 -79 -77 -75 -22 -48 -97 -38 -87 -42 -96 -67 -34 -11 -26 -17 -59 -98 -99 -75 -92 -34 -30 -30 -45 -23 -27 -43 -65 -62 -5 -12 0 -32 -5 -75 -1 -35 -83 -20 -77 -40 -4 -19 -23 -44 -94 -34 -64 -12 -7 -31 -65 -5 -65 -8 -27 -90 -7 -16 -67 -42 -73 -26 -34 -1 -86 -80 -53 -17 -11 -21 -67 -51 -8 -47 -49 -19 -38 -28 -98 -32 -59 -70 0 -11 -8 -46 -13 -66 -69 -21 0 -96 -84 -95 -13 -79 -27 -75 -26
-97 -28 -17 -55 -15 -23 -26 -73 -6 -78 -72 -15 -51 -65 -35 -15 -44 -10 -17 -55 -96 -9 -44 -18 -68 -75 -49 -11 -90 -12 -90 -50 -61 0 -72 -65 -45 -92 -6 -62 -90 -48 -84 -43 -21 -55 -45 -41 -55 -57 -55 -99 -31 -11 -99 -43 -24 -99 -39 -93 -21 -43 -28 -27 -71 -90 -26 -20 0 -32 -69 -29 -67 -24 -64 -52 -68 -76 -31 -8 -94 -71 -74 -76 -68 -6 -13 -16 -63 -40 -94 -94 -92 -47 -65 -54 -26 -77 -17 -37 -66 -49 -91 -96 -20 -38 -59 -7 -46 -31 -58 -54 -52 -78 -35 -37 -15 -11 -83 -74 -99 -27 -67 -8 -61 -58 -48 -24 -46 -66 -74 -12 -19 -69 -85 -86 -54 -83 -95 -62 -19 -54 -18 -90 -51 -43 -24 -79 -19 -44 -96 -97 -79 -82 -99 -37 -96 -19 -19 -48 -61 -23 -84 -72 -74 -82 -30 -42 -13 -53 -9 -23
-75 -79 -39 -85 -47 -84 -76 -4 -68 -81 -15 -94 -34 -10 -87 -93 -95 -41 -96 -27 -19 -19 -27 -7 -94 -14 -42 -77 -84 -7 -9 -32 -90 -52 -26 -11 -45 -97 -3 -87 -44 -82 -71 -2 -19 -22 -13 -42 -63 -62 -50 -28 -35 -88 -30 -81 -32 -41 -49 -84 -65 -31 -40 -13 -86 -89 -40 -97 -88 -60 -53 -23 -86 -80 -82 -1 -17 -62 -38 -26 -79 -73 -61 -29 -27 -83 -98 -93 -78 -14 -95 -55 -29 -6 -56 -54 -20 -71 -9 -85 -40 -26 -7 -12 -20 -38 -30 -5 -18 -78 -98 -47 -38 -46 -35 -83 -67 -38 -97 -19 -52 -52 -78 -95 -17 -49 -5 -34 -61 -18 -32 -45 -38 -54 -79 -71 -79 -48 -5 -76 -58 -85 -72 -80 -49 -6 -79 -30 0 -53 0 -66 -14 -67 -3 -39 -54 -70 -35 -5 -12 -62 -1 -19 -62 -76 -71 -15 -24 -95 -25
-88 -37 -12 -35 -56 -66 -25 -79 -4 -68 -91 -26 -12 -37 -31 -59 -12 -4 -24 -31 -65 -95 -27 -44 -63 -24 -8 -100 -88 -21 -43 -78 -57 -56 -80 -84 -36 -53 -17 -52 -50 -19 -50 -9 -66 -90 -81 -82 -89 -74 -11 -97 -94 -88 -4 -28 -96 -41 -30 -100 -59 -50 -72 -22 -13 -24 -4 -52 -95 -66 -87 -49 -47 -96 0 -26 -91 -12 -16 -49 -16 -76 -76 -60 -18 -97 -40 -70 -57 -94 -89 -7 -58 -8 -40 -92 -58 -100 -66 -24 -89 -62 -38 -57 -57 -68 -73 -73 -54 -93 -68 -77 -95 -30 -51 -79 -1 -10 -55 -64 -78 -72 -91 -58 -30 -1 -5 -21 -25 -39 -83 -75 -33 -19 -8 -80 -16 -58 -96 -38 -52 -48 -63 -31 -89 -44 -24 -75 -34 -62 -9 -27 -91 -18 -80 -42 -83 -64 -1 -66 -38 -85 -95 -80 -67 -81 -56 -9 -23 -66
-83 -46 -43 -77 -94 -88 -81 -41 -36 -96 -58 -71 -85 -43 -55 -94 -31 -11 -92 -62 -97 -73 -75 -87 -10 -91 -3 -96 -35 -19 -27 -60 -75 -94 -19 -6 -98 -88 -30 -23 -81 -40 -52 -78 -1 -84 -51 -71 -70 -86 -50 -3 -8 -56 -87 -54 -71 -96 -52 -91 -8 -59 -53 -96 -59 -48 -48 -97 -30 -50 -1 -27 -88 -71 -4 -55 -50 -38 -74 -99 -71 -75 -2 -62 -8 -1 -15 -97 -100 -57 -3 -87 -43 -1 -25 -2 -44 -31 -13 -100 -66 -5 -51 -72 -39 -93 -92 -54 -65 -97 -73 -30 -19 -6 -100 -33 0 -21 -28 -54 -6 -88 -91 -51 -1 -87 -26 -17 -62 -27 -20 -85 -24 -28 -76 -100 -4 -82 -84 -91 -33 -5 -97 -49 -30 -81 -53 -76 -7 -9 -89 -43 -80 -71 -12 -31 -15 -66 -24 -100 -62 -33 -97 -25 -28 -36 -29 -29 -98
0 -16 -2 -90 -48 -11 -71 -76 -80 -79 -30 -64 -73 -52 -12 -40 -22 -56 -33 -60 -21 -92 -50 -59 -36 -28 -57 -80 -23 -43 -51 -35 -59 -85 -97 -26 -96 -88 -83 -70 -52 -97 -66 -94 -59 -13 -85 -18 -87 -97 -14 -49 -81 -78 -3 -20 -33 -21 -89 -91 -42 -98 -77 -97 -3 -40 -100 -60 -22 -14 -54 -99 -77 -95 -88 -90 -85 -13 -68 -37 -37 0 -45 -29 -36 -62 -89 -85 -13 -31 -15 -1 -52 -7 -100 -16 -77 -34 -93 -62 -90 -96 -7 -93 -52 -69 -18 -59 -6 -92 -12 -62 -73 -70 -10 -59 -46 -16 -18 -88 -63 -31 -94 -27 -77 -58 -31 -32 -79 -57 -27 -100 -36 -57 -49 -11 -25 -35 -25 -79 -8 -88 -31 -96 -66 -11 -24 -3 -58 -31 -98 -4 -25 -10 -99 -77 -79 -79 -16 -55 -44 -49 -37 -44 -63 -77 -90 -71
-66 -83 -2 -66 -23 -75 -11 -47 -5 -39 -59 -15 -45 -27 -12 -35 -19 -26 -49 -61 -56 -47 -31 -29 -65 -19 -62 -98 -36 -37 -40 -47 -57 -71 -82 -69 -80 -78 -98 -70 -96 -47 -68 -17 -49 -38 -96 -66 -49 -90 -70 -54 -33 -78 -62 -11 -75 -52 -26 -86 -27 -89 -72 -39 -97 -81 -58 -8 -75 -63 -77 -88 -60 -34 -90 -45 -3 -99 -59 -5 -4 -84 -89 -32 -100 -44 -41 -72 -27 -75 -75 -28 -82 -26 -3 -97 -3 -48 -62 -62 -31 -54 -79 -63 -1 -10 -5 -75 -2 -37 -73 -86 -97 -73 -66 -68 -18 -51 -32 -54 -22 -19 -13 -11 -75 -50 -50 -72 -100 -26 -8 -32 -38 -93 -45 -21 -28 -65 -60 -46 -38 -33 -2 -97 -5 -76 -55 -96 -21 -26 -95 -67 -12 -83 -53 -52 -34 -86 -60 -83 -71 -55 -46 -98 -67 -16 -99
-82 -21 -10 -33 -48 -55 -71 -79 -74 -65 -73 -64 -90 -83 -51 -72 -66 -41 -58 -87 -78 -8 -95 0 -32 -82 -29 -21 -49 -52 -11 -81 -22 -70 -34 -46 -53 -16 -95 -91 -34 -31 -59 -75 -30 -39 -1 -11 -45 -38 -34 -43 -40 -64 -62 -96 -37 -52 -18 -11 -53 -5 -69 -55 -86 -38 -5 -66 -89 -12 -37 -75 -45 -38 -14 -68 -26 -53 0 -16 -6 -2 -21 -92 -28 -99 -26 -33 -27 -51 -29 -14 -68 -50 -92 -45 -22 -29 -5 -97 -32 -95 -33 -44 -41 -9 -33 -60 -7 -40 -98 -11 -40 -38 -70 -7 -97 -3 -38 -56 -48 -20 -17 -8 -3 -98 -38 -29 -58 -58 -32 -29 -35 -55 -64 -47 -54 -70 -68 -58 -13 -33 -12 -82 -99 -12 -67 -83 -58 -20 -40 -70 -99 -33 -58 -21 -27 -2 -62 -18 -9 -76 -95 -45 -81 -49
-59 -5 -76 -39 -18 -60 -83 -3 -90 -82 -61 -87 -74 -94 -14 -20 -95 -17 -21 -81 -45 -89 -95 -98 -19 -47 -52 -80 -16 -88 -66 -76 -20 -91 -67 -88 -42 -59 -92 -46 -53 -74 -50 -79 -67 -55 -51 -67 -61 -63 -63 -51 -87 -68 -99 -11 -40 -11 -37 -24 -44 -27 -91 -36 -91 -39 -42 -40 -50 -18 -37 -58 -77 -48 -54 -24 -47 -77 -46 -77 -44 -95 -25 -5 -84 -36 -65 -33 -45 -14 -6 -13 -60 -93 -26 -23 -100 -47 -72 -16 -30 -5 -65 -13 -23 -9 -49 -60 -82 -83 -95 -77 -10 -17 -57 -42 -43 -55 -46 -87 -32 -80 -58 -77 -39 -51 -99 -62 -13 -66 -45 -52 -92 -84 -100 -64 -59 -11 -36 -60 -28 0 -38 -68 -57 -60 -18 -49 -6 -42 -85 -55 -17 -54 -29 -41 0 -77 -39 -36 -18 -9 -25 -17 -95
-58 -89 -75 -77 -14 -70 -14 -74 -34 -88 -51 -1 -16 -90 -92 -12 -3 -23 -56 -56 -100 -100 -16 -98 -48 -71 -34 -13 -27 -77 -88 -92 -1 -56 -92 -17 -83 -4 -73 -12 -7 -43 -26 -45 -13 -16 -43 -64 -61 -7 -34 -23 -35 -8 -17 -54 -50 -78 -11 -10 -84 -31 -57 -31 -95 -56 -72 -33 -56 -56 -26 -27 -55 -50 -75 -45 -29 -51 -10 -47 -74 -60 -65 -79 -97 -64 -98 -22 -79 -82 0 -10 -40 -13 -87 -69 -42 -78 -100 -55 -71 -79 -58 -22 -45 -93 -14 -49 -50 -7 -14 -75 -4 -97 -18 -92 0 -95 -50 -85 -85 -7 -16 -37 -26 -66 -41 -93 -52 -97 -42 -10 -76 -94 -97 -76 -39 -68 0 -79 -66 -76 -88 -96 -73 -38 -89 -58 -98 -39 -100 -82 -34 -79 -24 -27 -71 -51 -12 -100 -24 -11 -57 -87
-52 -25 -57 -87 -26 -32 -26 -22 -36 -82 -4 -74 -46 -31 -50 -31 -7 -73 -68 -65 -45 -64 -35 -99 -47 -49 -99 -23 -27 -47 -7 -48 -56 -28 -97 -74 -97 -49 0 -23 -2 -20 -95 -29 -58 -72 -21 -34 -38 -68 -60 -5 -65 -45 -62 -38 -51 -5 -54 -14 -17 -50 -8 -63 -96 -99 -66 -33 -33 -39 -90 -12 -31 -64 -12 -19 -25 -88 -5 -78 -62 -32 -65 -47 -25 -70 -71 -19 -96 -40 -26 -39 -33 -42 -67 0 -36 -77 -7 -51 -80 -33 -8 -98 -95 -22 -90 -47 -39 -8 -10 -97 -58 -83 -38 -68 -93 -39 -63 -94 -66 -30 -68 -100 -96 -82 -19 -80 -26 -90 -94 -47 -68 -2 -25 -27 -23 -27 -49 -52 -26 -33 -76 -63 -53 -2 -10 -39 -66 -80 -90 -32 -16 -81 -62 -19 -16 -95 -83 -74 -91 -60 -7
-59 -85 -84 0 -92 -7 -12 -54 -18 -48 -4 -84 -49 -14 -26 -13 -92 -92 -2 -1 -24 -65 -36 -54 -96 -15 -43 -86 -6 -95 -95 -8 -37 -97 -42 -62 -82 -21 -86 -74 -31 -18 -97 -3 -65 -42 -65 -6 -9 -44 -6 -54 -99 -32 -62 -94 -79 -72 -92 -32 -15 -21 0 -74 -56 -71 -59 -77 -2 -92 -16 -33 -71 -72 -98 -99 -31 -85 -14 -50 -12 -8 -66 -93 -84 -90 -34 -9 -24 -44 -44 -60 -68 -12 -71 -30 -71 -70 -7 -69 -72 -17 -95 -100 -77 -99 -13 -88 -5 -32 -81 -62 -53 -92 -70 -61 -7 -67 -29 -95 -66 -73 -74 -86 0 -58 -61 -79 -83 -95 -51 -40 -52 -9 -78 -84 -81 -23 -94 -14 -70 -45 -3 -99 -37 -57 -59 -83 -4 -4 -84 -70 -46 -46 -84 -88 -36 -72 -74 -85 -86 -68
-10 -5 -51 -99 -91 -37 -11 -22 -1 -26 -83 -37 -81 -71 -9 -88 -70 -91 -80 -52 0 -5 -78 -29 -31 -3 -4 -91 -1 -44 -7 -78 0 -13 -66 -20 -50 -43 -44 -76 -56 -67 -53 -19 -67 -91 -67 -1 -55 -47 -46 -37 -28 -1 -19 -72 -62 -6 -76 -77 -27 -33 -7 -24 -53 -53 -95 -37 -36 -59 -52 -48 -56 -69 -39 -20 -96 -43 -92 -81 -92 -40 -70 -26 -28 -8 -8 -88 -66 -95 -25 -85 -16 -23 -53 -47 -31 -29 -60 -32 -48 -22 -25 -3 -49 -59 -38 -65 -83 -40 -80 -14 -8 -47 -45 -64 -53 -98 -46 -19 -60 -23 -30 -86 -9 -42 -17 -43 -6 -89 -79 -58 -84 -16 -15 -59 -98 -87 -64 -91 -14 -10 -18 -47 -31 -7 -49 -7 -80 -14 -84 -22 -71 -78 -80 -94 -69 -79 -14 -17 -98
-40 -88 -34 -41 -32 -23 -55 -18 -69 -96 -91 -54 -72 -76 -63 -94 -78 -42 -1 -52 -45 -67 -80 -77 -37 -38 -1 0 -25 -52 -36 -35 -26 -9 -37 -85 -20 -40 -10 -19 -52 -35 -68 -53 -30 -60 -47 -79 -31 -91 -21 -11 -94 -59 -16 -70 -5 -42 -30 -13 -76 -66 -88 -85 -51 -64 -12 -91 -35 -24 -21 -33 -40 -69 -3 -77 -78 -24 -60 -100 -26 -32 -15 -57 -35 -35 -42 -2 -39 -69 -46 -19 -76 -94 -1 -84 -36 -66 -69 -30 -48 -75 -74 -79 -30 -17 -99 -25 -73 -90 -19 -17 -90 -77 -95 -65 -74 -92 -66 -21 -84 -14 -81 -47 -45 -44 -65 -80 -51 -64 -32 -71 -65 -66 -81 -53 -37 -29 -94 -40 -43 -14 -52 -47 -78 -21 -10 -90 -3 -56 -58 -20 -39 -2 -56 -88 -69 -22 -31 -41
-81 -38 -27 -22 -60 -54 -81 -43 -47 -96 -61 -88 -94 -67 -37 -30 -30 -67 -64 -13 0 -96 -7 -55 -24 -7 -56 -13 -94 -5 -50 -9 -23 -16 -32 -2 -8 -39 -98 -59 -88 -48 -80 -66 -3 -80 -74 -6 -85 -88 -56 -54 -82 -80 -43 -47 -86 -22 -89 -91 -26 -1 -75 -99 -6 -14 -11 -81 -5 -49 -23 -28 -63 -82 -94 -30 -69 -8 -80 -53 -43 -60 -11 -11 -6 -89 -27 -19 -66 -77 -7 -94 -33 -5 -9 -75 -11 -22 -21 -51 -11 -41 -57 -78 -27 -58 -83 -16 -74 -70 -7 -70 -95 -38 -66 -77 -4 -42 -1 -42 -42 -29 -31 -34 -71 -4 -68 -74 -79 -45 -27 -61 -7 -8 -100 -60 -52 -52 -83 -74 -37 -27 -4 -87 -60 -78 -83 -36 -84 -91 -28 -95 -14 -24 -92 -68 -53 -92 -6
-55 -13 -19 -72 -27 -75 -90 -13 -83 -50 -2 -17 -14 -81 -68 -13 -57 -91 -47 -77 -64 0 -32 -74 -85 -49 -56 -74 -31 -93 -52 -55 -53 -51 -27 -98 -66 -50 -14 -13 -6 -7 -89 -43 -23 -79 -29 -51 -6 -34 -83 -99 -23 -54 -87 -26 -98 -18 -18 -11 -2 -88 -75 -60 -35 -72 -12 -100 -69 -94 -3 -88 -17 -84 -8 -72 -64 -24 -70 -37 -24 -49 -89 -27 -24 -48 -4 -98 -37 -11 -62 -31 -62 -13 -1 -67 -90 -93 -93 -48 -16 -29 -7 -68 -43 -81 -62 -75 -100 -64 -64 -98 -59 -54 -38 -73 -38 -71 -74 -66 -16 -22 -97 -78 -1 -71 -12 -46 -38 -95 -20 -23 -100 -99 -44 -51 -53 -52 -60 -89 -7 -15 -38 -94 -26 -12 -1 -35 -69 -77 -81 -26 -72 -67 -62 -26 -5 -6
-64 -36 -66 -23 -66 -28 -12 -60 -34 -17 -23 -93 -25 -12 -73 -98 -17 -33 -18 -67 -39 -82 -89 -9 -41 -90 -66 -48 -63 -75 -5 -15 -82 -72 -65 -6 -38 -60 -70 -55 -36 -54 -90 -91 -9 -68 -54 -16 -24 -38 -98 -70 -12 -54 -14 -17 -32 -86 -85 -40 -21 -69 -50 -11 -90 -5 -1 -25 -56 -16 -46 -36 -68 -3 -59 -88 -66 -100 -49 -58 -62 -3 -72 -57 -26 -17 -5 -32 -36 -69 -7 -13 -72 -68 -72 -79 -72 -65 -42 -55 -99 -96 -26 -98 -98 -87 -98 -78 -58 -77 -77 -68 -45 -9 -74 -1 -73 -1 -50 -24 -69 -13 -77 -59 -39 -94 -6 -93 -77 -12 -20 -23 -99 -49 -81 -52 -84 -57 -38 -27 -97 -38 -91 -17 -63 -29 -93 -19 -28 -38 -40 -39 -26 -46 -59 -72 -79
-6 -50 -76 -16 -40 -10 -30 -42 -23 -59 -38 -45 -51 -83 -45 -39 -63 -47 -6 -35 -78 -8 -83 -3 -10 -43 -83 -54 -79 -86 -56 -86 -95 -55 -28 -17 -8 -39 -63 -78 -25 -27 -59 -46 -34 -24 -96 -6 -62 -10 -76 -19 -81 -54 -26 -92 -11 -54 -51 -52 -18 -81 -85 -94 -65 -14 -53 -99 -76 -35 -62 -42 -46 -36 -51 -88 -39 -62 -80 -16 -75 -25 -55 -2 -64 -73 -70 -12 -41 -5 -30 -40 -45 -19 -83 -29 -89 -10 -6 -37 -17 -64 -54 -31 -85 -20 -21 -88 -17 -81 -41 -1 -66 -98 -14 -10 -89 -41 -67 -30 -53 -33 -40 -25 -83 -43 -95 -91 -73 -40 -99 -17 -47 -85 -73 -22 -3 -99 -48 -41 -42 -79 -70 -41 -27 -80 -44 -81 -48 -50 -15 -38 -74 -32 -20 -17
-61 -88 -65 -37 -73 -82 -23 -96 -15 -44 -8 -24 -6 -70 -98 -17 -50 -52 -83 -30 -27 -24 0 -47 -100 -1 -94 -85 -87 -89 -34 -48 -44 -27 -53 -74 -47 -57 -25 -62 -97 -61 -57 -53 -42 -100 -57 -4 -37 -86 -82 -80 -56 -69 -13 -29 -82 -31 -25 -5 -95 -20 -20 -54 -22 -53 -79 -24 -79 -72 -96 -20 -6 -87 -78 -100 -11 -86 -98 -60 -61 -58 -98 -35 -30 -35 -57 -100 -85 -98 -46 -37 -68 -38 -57 -70 -7 -80 -20 -29 -42 -59 -18 -15 -21 -85 -69 -91 -2 -79 -4 -59 -94 -62 -57 -35 -87 -71 -42 -65 -57 -62 -57 -7 -81 -26 -97 -73 -35 -47 -89 -50 -74 -38 -5 -32 -71 -54 -62 -31 -42 -43 -67 -51 -62 -61 -87 0 -50 -23 -11 -15 -25 -54 -43
-87 -79 -73 -46 -90 -26 -54 -70 -11 -71 -43 -86 -7 -2 -26 -65 -75 -6 -54 -45 -58 -21 -54 -94 -64 -37 -38 -58 -7 -56 -95 -87 -36 -71 -25 -100 -19 -62 -25 -28 -61 -75 -20 -76 -79 -86 -96 -32 -93 -33 -13 -77 -49 -12 -97 -23 -55 -78 -55 -15 -73 -77 -81 -100 -82 -14 -86 -7 -17 -56 -26 0 -11 -47 -93 -1 -69 -99 -42 -72 -88 -8 -83 -66 -15 -35 -73 -86 -84 -98 -4 -29 -5 -16 -65 -33 -17 -72 0 -19 -80 -85 -30 -67 0 -81 -25 -70 -88 -67 -94 -34 -3 -12 -39 -41 -31 -88 -69 -23 -86 -22 -80 -9 -52 -46 -32 -31 -67 -75 -78 -54 -15 -47 -71 -95 -62 -61 -73 -73 -33 -95 -22 -42 -28 -38 -24 -23 -65 -59 -13 -73 -9 -40
-35 -30 -9 -82 -5 -63 -54 -99 -27 -88 -70 -98 -39 -33 -59 -27 -37 -29 -34 -69 -96 -87 -4 -89 -81 -35 -1 -70 -84 -22 -43 -75 -51 -35 -33 -28 -98 -28 -57 -67 -80 -83 -74 -92 -97 -84 -40 -15 -1 -76 -81 -61 -8 -37 -30 -81 -79 -65 -33 -27 -59 -95 -65 -74 -79 -94 -60 -59 -77 0 -24 -33 -42 -73 -23 -55 -14 -53 -26 -95 -17 -89 -38 -78 -87 -43 -93 -43 -63 -25 -17 -23 -1 -88 -92 -82 -99 -37 -65 -49 -69 -45 -2 -78 -86 -62 -68 -48 -29 -48 -68 -51 -90 -21 -93 -1 -51 -63 -79 -96 -68 -68 -8 -67 -93 -62 -81 -60 -76 -80 -60 -32 -35 -90 -68 -60 -92 -7 -84 -96 -19 -46 -36 -57 -20 -92 -22 -100 -63 -70 -91 -11 -82
-85 -10 -91 -75 -58 -2 -19 -43 -89 -13 -28 -24 -24 -43 -54 -48 -59 -91 -62 -27 -63 -72 -20 -73 -99 -46 -55 -79 -97 -1 -96 -48 -93 -51 -89 -68 -96 -23 -12 -39 -35 -8 -57 -37 -77 -62 -17 -24 -96 -68 -41 -38 -4 -18 -44 -78 -99 -72 -9 -49 -24 -1 -61 -52 -18 -79 -35 -71 -51 -51 -66 -69 -83 -78 -13 -99 -85 -11 -60 -97 -7 -6 -66 -59 -53 -8 -83 -87 -63 -11 -83 -73 -93 -85 -29 -17 -60 -18 -4 -42 -10 -6 -23 -86 -85 -87 -2 -6 -65 -42 -42 -41 -54 -57 -86 -27 -3 -51 -92 -90 -56 -32 -31 -88 -8 -73 -86 -78 -35 -17 -60 -79 -45 -88 -4 -3 -45 -25 -76 -50 -56 -93 -70 -10 -95 -46 -63 -29 -98 -92 -65 -22
-26 -8 -24 -63 -83 -95 -57 -12 -86 -52 -14 -92 -80 -23 -86 -55 -62 -60 -87 -83 -28 -55 -46 -83 -57 -59 -80 -10 -59 -55 -38 -9 -81 -74 -44 -3 -89 -94 -22 -39 -16 -74 -64 -56 -82 -76 -67 -47 -27 -22 -78 -92 -64 -49 -84 -58 -73 -10 -79 -30 -56 -35 -51 -29 -60 -93 -32 -77 -88 -58 -44 -53 -81 -53 -30 -17 -57 -84 -14 -83 -70 -86 -72 -74 -49 -86 -27 -70 -24 -81 -56 -83 0 -100 -81 -89 -35 -11 -81 -68 -78 -39 -100 -84 -33 -74 -37 -97 -94 0 -21 -79 -28 -47 -19 -65 -74 -100 -47 -53 -88 -1 -11 -2 -36 -41 -59 -63 -59 -95 -61 -21 -8 -4 -78 -85 -42 -5 -36 -13 -78 -82 -42 -55 -54 -90 -7 -49 -18 -41 -51
-47 -82 -32 -47 -27 -15 -86 -61 -66 -39 -23 -44 -41 -93 -47 -83 -30 -59 -68 -99 -44 -2 -23 -51 -72 -65 -2 -97 -55 -47 -98 -59 -32 0 -74 -50 -43 -41 -91 -95 -25 -97 -20 -28 -27 -52 -50 -75 -94 -67 -73 -7 -40 -75 -59 -30 -92 -15 -26 -34 -42 -64 -27 -38 -20 -40 -94 -97 -28 -74 -13 -60 -11 -25 -34 -84 -51 -12 -46 -33 -2 -19 -85 -83 -13 -44 -38 -6 -65 -49 -70 -44 -35 -35 -32 -96 -37 -56 -17 -11 -55 -99 -82 -43 -2 -95 -48 -32 -35 -96 -94 -89 -12 -68 -2 -39 -22 -23 -35 -45 -33 -57 -82 -62 -35 -54 -77 -97 -8 -65 -50 -96 -89 -75 -73 -48 -30 -10 -73 -42 -95 -54 -99 -31 -42 -82 -45 -93 -14 -88
-61 -6 -73 -63 -4 -16 -63 -2 -80 -37 -56 -20 -30 -78 -1 -62 -77 -60 -39 -50 -18 -66 -79 -31 -99 -5 -23 -32 -43 -82 -76 -37 -60 -6 -92 -47 -91 -71 -44 -89 -83 -5 -39 -27 0 -38 -82 -29 -39 -17 -39 -11 -11 -11 -15 -42 -63 -44 -65 -70 -49 -48 -8 -71 -91 -76 -68 -6 -50 -28 -14 -8 -84 -85 -91 -100 -3 -36 -74 -26 -98 -68 -67 -37 -96 -2 -33 -77 -30 -86 -89 -28 -47 -83 -20 -63 -45 -5 -59 -92 -43 -85 -2 -39 -28 -86 -27 -10 -31 -63 -8 -42 -26 -5 -54 -25 -38 -21 -87 -50 -60 -60 -12 -43 -82 -21 -80 -8 -86 -34 0 -46 -99 -8 -17 -10 -52 -66 -17 -79 -18 -79 -1 -85 -91 -11 -70 -90 -60
-53 -39 -38 -30 -22 -27 -48 -55 -58 -47 -29 -58 -81 -96 -93 -19 -18 -57 -42 -75 -42 -70 -78 -83 -91 -44 -47 -94 -30 -61 -12 -44 -67 -70 -98 -56 -32 -70 -31 -70 -2 -26 -44 -17 -98 -90 -16 -31 -52 -23 -8 -47 -38 -59 -76 -42 -4 -63 -76 -74 -55 -98 -27 -5 -59 -36 -21 -25 -97 -55 -79 -47 -5 -15 -24 -2 -12 -64 -100 -92 -68 -53 -93 -4 -13 -81 -60 -63 -84 -15 -63 -54 -55 -18 -55 -44 -26 -18 -48 -12 -55 -68 -73 -79 -39 -4 -18 -90 -57 -22 -48 -45 -62 -43 -65 -82 -51 -100 -51 -30 -12 -21 -64 -36 -49 -88 -76 -4 -60 -57 -56 -71 -30 -88 -25 -28 -12 -28 -63 -25 -13 -19 -100 -70 -40 -72 -45 -72
-59 -66 -68 -87 -27 -9 -78 -38 -61 -95 -84 -57 -61 -53 -37 -7 -11 -62 -59 -2 -46 -72 -80 -21 -7 -44 -25 -6 -40 -19 -11 -9 -78 -30 -51 -50 -41 -3 -90 -97 -96 -3 -72 -45 -95 -1 -65 -50 -77 -1 -75 -81 -32 -9 -10 -52 -52 -13 -36 -21 -39 -53 -61 -15 -26 -8 -73 -43 -85 -62 -17 -93 -61 -10 -100 -94 -36 -66 -60 -100 -98 -28 -59 -74 -21 -13 -43 -42 -85 -21 -5 -25 -4 -63 -81 -99 -79 -40 -94 -11 -24 -62 -2 -8 -92 -91 -60 -96 -96 -49 -50 -31 -58 -37 -20 -29 -16 -47 -70 -71 -85 -92 -82 -11 -69 -61 -81 -70 -16 -29 -83 -29 0 -48 -34 -94 -76 -7 -87 -30 -33 -55 -50 -83 -84 -33 -67
-94 0 -68 -44 -31 -56 -52 0 -77 -45 -86 -18 -67 -6 -82 -58 -10 -66 -79 -44 -53 -72 -21 -49 -15 -69 -7 -46 -56 -54 -24 -78 -12 -41 -27 -68 -27 -94 -83 -80 -51 -80 -74 -57 -61 -82 -6 -10 -47 -85 -11 -13 -3 -62 -98 -91 -51 -39 -35 -55 -72 -40 -45 -24 -73 -29 -61 -45 -82 -59 -71 -39 -32 -83 -73 -93 -73 -94 -45 -19 -97 -41 -45 -1 -58 -83 -68 -10 -96 -28 -6 -23 -74 -83 -56 -81 -9 -39 -36 -16 -60 -74 -76 -25 -54 -39 -83 -66 -20 -4 -96 -32 -33 -45 -31 -69 -4 -11 -51 -95 -84 -52 -2 -26 -79 -28 -64 -13 -17 -75 -5 -58 -3 -50 -88 -78 -67 -62 -41 -26 -96 -33 -99 -4 -83 -36
-6 -10 -66 -90 -36 -74 -71 -76 -29 -87 -82 -14 -81 -59 -21 -97 -32 -43 -29 -19 -21 -31 -97 -4 -81 -34 -17 -70 -36 -12 -26 -26 -86 -68 -41 -44 -53 -68 -57 -69 -38 -7 -71 -90 -70 -18 -23 -75 -8 -42 -52 -83 -61 -27 -87 -11 -82 -81 -30 -69 -43 -95 -44 -63 0 -81 -58 -94 -4 -91 -93 -52 -30 -60 -84 -64 -76 -65 -40 -56 -24 -2 -26 -50 -61 -7 -25 -48 -64 -97 -39 -20 -45 -36 -3 -32 -64 -62 -73 -30 -12 -51 -39 -22 0 -96 -15 -87 -87 -18 -1 -51 -37 -11 -93 -30 -94 -42 -7 -94 -4 -89 -25 -39 -29 -42 -11 -92 -13 -94 -100 -7 -69 -69 -60 -57 -44 -9 -80 -68 -84 -49 -5 -99 -13
-21 -96 -33 -8 -37 0 -73 -55 -97 -60 -71 -23 -57 -19 -7 -84 -85 -10 -20 -26 0 -8 -80 0 -98 -88 -44 -55 -45 -47 -9 -37 -43 -8 -83 -92 -3 -64 -9 -89 -31 -42 -26 -7 -88 -38 -17 -65 -53 -25 -62 -59 -34 -30 -83 -72 -77 -6 -64 -29 -19 -11 -99 -57 -4 -18 -39 -10 -63 -28 -12 -34 -70 -15 -74 -37 -60 -29 -56 -46 -58 -52 -33 -79 -81 -92 -8 -78 -59 -79 -84 -51 -92 -65 -66 -75 -26 -40 -63 -77 -57 -54 -91 -16 -29 -52 -88 -21 -64 -47 -64 -65 -8 -88 -96 -88 -68 -93 -17 -26 -27 -6 -4 -18 -84 -23 -8 -47 -35 -27 -41 -5 -53 -22 -4 -26 -72 -63 -28 -81 -49 -48 -11 -79
-34 -73 -26 -87 -67 -62 -82 -35 -43 -26 -37 -41 -61 -72 -42 -29 -59 -13 -85 -1 -31 -36 -34 -97 -91 -34 -68 -47 -43 -73 -99 -2 -78 -46 -62 0 -67 -99 -16 -44 -56 -32 -13 -89 -51 -84 -98 -75 -93 -61 -59 -36 -14 -32 -58 -4 -54 -74 -83 -67 -27 -32 -56 -20 -21 -96 -76 -2 -41 -41 -69 -41 -65 -93 -50 -83 -40 -91 -34 -2 -92 -7 -91 -35 -61 -89 -43 -17 -37 -16 -37 -13 -32 -65 -53 -46 -100 -91 -100 -42 -36 -61 -60 -16 -56 -16 -34 -31 -70 -63 -83 -25 -63 -26 -56 -40 -67 -40 -68 -11 -50 -10 -57 -30 -94 -45 -16 -99 -100 -47 -59 -23 -87 -54 -27 -98 -83 -83 -53 -9 -18 -85 -47
-62 -32 -10 -34 -40 -3 -13 -89 -78 -62 -39 -7 -86 -97 -23 -80 -57 -23 -61 -15 -32 -41 -78 -71 -21 -28 -41 -41 -57 -80 -45 -92 -50 -30 -14 -83 -36 -28 0 -79 -41 -19 -38 -93 -32 -99 -10 -80 -67 -46 -52 -21 -2 -84 -1 -22 -36 -40 -54 0 -59 -81 -32 -18 -2 -96 -52 -2 -1 -69 -29 -34 -6 -53 -95 -17 -62 -11 -3 -87 -39 -35 -99 -37 -2 -44 -22 -48 -81 -68 -17 -13 -84 -25 -20 -95 -6 -1 -71 -42 -88 -31 -52 -60 -15 -83 -32 -46 -97 -19 -61 -89 -68 -28 -50 -7 -5 -51 -52 -77 -79 -11 -24 -36 -49 -40 -77 -100 -60 -47 -51 -43 -72 -52 -69 -6 -94 -43 -81 -64 -56 -57
-10 -99 -49 -33 -44 -31 -7 -45 -31 -56 -48 -13 -19 -26 -65 -63 -22 -93 -5 -86 -90 -76 -64 -58 -35 -28 -64 -50 -29 -8 -88 -69 -96 -58 -50 -69 -36 -38 -33 -17 -54 -99 -44 -34 -61 -78 -89 -94 -6 -30 -31 -19 -41 -53 -49 -58 -6 -13 -42 -62 -2 -14 -91 -77 -31 -59 -34 -74 -6 -1 -70 -65 -3 -27 -59 -92 -40 -46 -52 -83 -62 -88 -6 0 -80 -1 -86 -66 -93 -44 -75 -18 -37 -10 -35 -18 -74 -27 -28 -97 -22 -4 -86 -10 -54 -24 0 -90 -1 -67 -54 -82 -43 -65 -25 -35 -9 -17 -83 -97 -61 -85 -90 -28 -15 -15 -96 -83 -68 -77 -38 -94 -17 -48 -38 -52 -23 -1 -17 -19 -7
-49 -6 -97 -55 -99 -42 -36 -58 -40 -79 -66 -59 -85 -31 -58 -54 -52 -32 -100 -78 -91 -67 -91 -15 -93 -38 -31 -44 -81 -46 -89 -2 -19 -48 -65 -81 -43 -42 -26 -2 -31 -92 -72 -70 -43 -94 -88 -15 -47 -47 -93 -55 -32 -55 -49 -85 -71 -45 -69 -80 -64 -32 -2 -64 -76 -57 -9 -34 -93 -1 -55 -61 -91 -59 -14 -92 -29 -100 -88 -47 -58 -72 -42 -2 -55 -49 -80 -21 -97 -36 -8 -65 -31 -85 -93 -21 -73 -24 -94 -13 -15 -47 -97 -12 -27 0 -45 -74 0 -37 -12 -8 -77 -74 -80 -48 -25 -17 -9 -43 -44 -56 -86 -25 -47 -91 -100 -75 -6 -74 -3 -92 -94 -17 -77 -5 -86 -30 -8 -61
-33 -91 -56 -37 -1 -97 -90 -70 -21 -45 -62 -16 -45 -11 -12 -46 -24 -65 -94 -100 -39 -18 -49 -79 -10 -87 -75 -79 -72 -23 -37 -31 -35 -5 -31 -45 -54 -67 -92 -50 -17 -97 -27 -19 -26 -88 -26 -59 -66 -4 -83 -84 -96 -88 -55 -16 -77 -85 -10 -70 -40 -84 -41 -73 -33 -3 -76 -93 -78 -63 -73 -86 -25 -66 -71 -68 -78 -15 -80 -34 -41 -94 -18 -13 -27 -84 -94 -1 -65 -96 -3 -53 -33 -47 -19 -15 -25 -84 -76 -79 -51 -30 -92 -34 -90 -81 -81 -14 -22 -78 -53 -45 -42 -9 -4 -70 -6 -57 -31 -11 -58 -51 -17 -10 -89 -53 -73 -99 -21 -59 -95 -10 -86 -81 -98 -32 -34 -93 -74
-35 -28 -73 -97 -42 -94 -8 -22 -76 -70 -54 0 -25 -21 -35 -77 -45 -89 -56 -46 -82 -73 -29 -52 -42 -36 -31 -78 -70 -66 -17 -2 -47 -37 -73 -24 -76 -99 -89 -78 -18 -95 -77 -44 -30 -83 -57 -49 -16 -28 -32 -8 -58 -90 -32 -56 -3 -9 -47 -89 -59 -36 -98 -44 -36 -15 -91 -25 -26 -86 -20 -18 -41 -33 -9 -69 -31 -57 -36 -9 -5 -87 -17 -79 -41 -48 -47 -34 0 -67 -75 -63 -69 -7 0 -91 -67 -16 -73 -72 -31 -56 -24 -94 -16 -15 -31 -13 -30 -99 -44 -85 -79 -45 -20 -79 -7 -75 -26 -31 -49 -75 0 -72 -1 -27 -40 -33 -19 -28 -44 -82 -5 -84 -23 -76 -100 -51
-88 -7 -2 -5 -13 -90 -16 -83 -22 -17 -67 -52 -81 -42 -77 -33 -20 -42 -66 -72 -21 -78 -93 -71 -25 -69 -91 -23 -53 -92 -81 -18 -81 -32 -9 -75 -4 -18 -43 -77 -92 -9 -37 -61 -74 -44 -26 -47 -31 -3 -51 -81 -78 -1 -22 -92 -9 -62 -46 -34 -44 -38 -32 -50 -95 -26 -82 -33 -83 -29 -3 -85 -48 -6 -3 -70 -15 -35 -43 -39 -41 -16 -92 -79 -77 -95 -96 -92 -81 -49 -33 -12 -3 -21 -42 -21 -22 -78 -24 -7 -89 -95 -69 -99 -29 -45 -89 -10 -74 -14 -58 -66 -99 -23 -5 -28 -91 -14 -24 -64 -10 -52 -97 -27 -5 -72 -18 -16 -45 -14 -50 -64 -57 -42 -96 -98 -16
-89 -75 -47 -49 -49 -65 -100 -65 -44 -8 -19 -52 -82 -15 -40 -77 -100 -57 -82 -79 -45 -37 -98 -33 -48 -92 -72 -42 -17 -44 -53 -19 -90 -35 -51 -14 -100 -92 -43 -82 -1 -24 -61 -10 -98 -63 -44 -16 -37 -31 -29 -53 -3 -50 -29 -70 -61 -98 -37 -44 -84 -64 -76 -12 -24 -46 -74 -79 -79 -61 -3 -6 -1 -26 -71 -8 -28 -35 -89 -1 -22 -26 -50 -100 -19 -40 -1 -86 -70 -14 -79 -42 -45 -23 -2 -21 -75 -18 -42 -39 -52 -55 -32 -47 -2 -7 -71 -94 -48 -32 0 -65 -82 -78 -55 -91 -74 -73 -9 -7 -42 -45 -59 -62 -59 -66 -2 -45 -86 -48 -2 -16 -100 -71 -30 -21
-69 -64 -88 -96 -42 -20 -5 -2 -99 -69 -99 -24 -29 -17 -95 -50 -89 -57 -86 -59 -29 -97 -50 -62 -1 -61 -28 -36 -27 -83 -38 -12 -79 -100 -87 -98 -45 -93 -67 -39 -94 -19 -86 -65 -9 -52 -51 -60 -54 -58 -56 -51 -58 -21 -26 -26 -69 -70 -49 -93 -45 -49 -83 -85 -17 -36 -80 -51 -52 -79 -44 -69 -82 -98 -26 -62 -87 -20 -55 -41 -73 -87 -36 -37 -6 -97 -20 -25 -50 -34 -16 -24 -4 -77 -92 -51 -10 -2 -22 -24 -94 -62 -47 -81 -75 -78 -15 -70 -56 -40 -3 -95 -53 -86 -32 -63 -42 -27 -70 -13 -13 -12 -84 -71 -15 -65 -17 -72 -6 -98 -38 -19 -45 -71 -32
-17 -8 -14 -54 -79 -8 -49 -36 -57 -49 0 -47 -10 -24 -60 -58 -28 -5 -84 -3 -78 -74 -70 -12 -49 -85 -63 -87 -48 -52 -96 -26 -60 -4 -72 -49 -7 -82 -96 -68 -28 -60 -15 -33 -30 -92 -9 -89 -22 -1 -53 -70 -65 -62 -42 -62 -90 -97 -83 -53 -90 -88 -14 -76 -58 -92 -99 -99 -28 -28 -98 -24 -2 -94 -67 -30 -37 -97 -31 -48 -47 -65 -74 -44 -3 -95 -41 -84 -91 -50 -11 -12 -79 -43 -42 -74 -30 -84 -31 -7 -90 -55 -1 -28 -46 -21 -69 -22 -21 -69 -91 -70 -45 -89 -51 -64 -21 -69 -33 -80 -5 -12 -12 -73 -20 -51 -26 -53 -14 -37 -66 -18 -29 -6
-98 -36 -2 -25 -8 -72 -37 -40 -99 -99 -12 -17 -51 -65 -15 -33 -29 -18 -15 -12 -23 -38 -59 0 -19 -31 -16 -8 -68 -7 -54 -66 -12 -12 -82 -76 -93 -3 -9 -1 -67 -51 -78 -69 -85 -15 -92 -34 -30 -76 -16 -78 -13 -75 -50 -54 -80 -84 -48 -36 -61 -76 -95 -17 -89 -47 -92 -27 -64 -23 -98 -39 -34 -3 -64 -68 -46 -60 -2 -6 -70 -41 -26 -61 -61 -84 -49 -6 -6 -92 -22 -77 -84 -14 0 -74 -75 -88 -64 -47 -73 -3 -7 -81 -52 -18 -22 -46 -56 -96 -23 -83 -34 -62 -18 -2 -90 -99 -61 -91 -96 -72 -33 -94 -21 -81 -6 -98 -88 -27 -8 -83 -13
-39 -65 -25 -43 -38 -80 -91 -83 -60 -48 -22 -72 -11 -32 -24 -47 -96 -73 -75 -98 -58 -86 -33 -99 -14 -4 -36 -41 -28 -50 -43 -48 0 -11 -31 -8 -94 -55 -98 -26 -77 -15 -10 -66 -85 -9 -4 -67 -26 -51 -77 -22 -21 -95 -28 -23 -57 -63 -81 -3 -59 -32 -81 -20 -22 -97 -54 -92 -49 -82 -60 -14 -65 -89 -62 -54 -74 -93 -22 -72 -94 -62 -88 -54 -1 -79 -77 -45 -80 -68 -91 -72 -1 -69 -52 -100 -3 -71 -78 -81 -85 -59 -93 -50 -90 -7 -57 -67 -87 -8 -88 -91 -93 -15 -81 -76 -56 -16 -92 -82 -64 -18 -40 -17 -15 -35 -13 -88 -58 -2 -19 -68
-79 -11 -41 0 -77 -22 -51 -65 -37 -41 -23 -28 -24 -54 -6 -19 -44 -68 -84 -64 -79 -99 -22 -33 -63 -17 -19 -88 -16 -39 -19 -3 -51 -80 -72 -63 -63 -63 -44 -12 -64 -60 -17 -61 -17 -95 -10 -54 -78 -14 -70 -96 -78 -67 -23 -22 -29 -93 -61 -63 -75 -55 -8 -27 -76 -85 -22 -3 -33 -70 -74 -58 -62 -58 -80 -50 -87 -100 -72 -39 -20 -61 -49 -41 -70 -35 -5 -28 -22 -29 -55 -39 -28 -91 -73 -1 -65 -56 -14 -8 -62 -73 -42 -44 -46 -22 -99 -95 -70 -94 -52 -15 -2 -64 -25 -66 -33 -50 -86 -80 -1 -99 -31 -16 -10 -64 -10 -98 -22 -77 -41
-91 -78 -6 -69 -2 -47 -60 -51 0 -84 -50 -53 -28 -6 -8 -55 -98 -54 -8 -3 -43 -77 -10 -40 -94 -45 -64 -32 -12 -31 -42 -99 -18 -87 -66 -80 -75 -13 -91 -87 -92 -99 -66 -78 -38 -74 -11 -57 -8 -64 0 -25 -37 -81 -82 -86 -39 -42 -10 -21 -18 -95 -1 -24 -75 -29 -16 -15 -50 -17 -19 -42 -71 -47 -2 -3 -33 -78 -26 -15 -57 -67 -95 -24 -44 -17 -58 -77 -13 -66 -55 -41 -53 0 -85 -49 -8 -67 -4 -6 -15 -24 -39 -94 -26 -22 -11 -42 -76 -37 -97 -40 -32 -40 -40 -15 -8 -17 -18 -29 -16 -50 -83 -30 -89 -56 -36 -42 -61 -52
-41 -62 -12 -10 -87 -27 -51 -62 -76 -70 -60 -38 -1 -5 -88 -89 -30 -88 0 -39 -34 -86 -86 -22 -84 -33 -81 -98 -43 -32 -93 -60 -43 -43 -5 -41 -66 -10 -88 -55 -43 -25 -65 -78 -8 -85 -60 -91 -12 -69 -52 -69 -75 -82 -58 -65 -89 -13 -46 0 -38 -32 -8 -51 -57 -98 -40 -12 -97 -95 -65 -11 -71 -32 -42 -99 -78 -43 -62 -61 -4 -31 -74 -91 -11 -20 -31 -1 -45 -40 -20 -70 -26 -42 -96 -2 -47 -3 -93 -46 -17 -91 -57 -82 -84 -25 -4 -26 -17 -43 -95 -48 -78 -91 -38 -50 -38 -14 -50 -10 -67 -50 -86 -32 -68 -81 -4 -83 -19
-79 -63 -60 -5 -76 -62 -10 -70 -94 -71 -77 -24 -62 -87 -55 -89 -42 -50 -33 -61 -57 -40 -48 -71 -48 -18 -89 -55 -22 -83 -92 -9 -60 -69 -94 -13 -2 -43 -14 -19 -8 -17 -59 -81 -11 -22 -85 -88 -27 -95 -39 -24 -20 -40 -16 -21 -52 -96 -70 -27 -10 -30 -28 -34 -52 -92 -34 -21 -51 -100 -96 -58 -4 -12 -73 -27 -63 -7 -89 -18 -38 -81 -33 -42 -78 -37 -77 -69 -80 -7 -51 -15 -35 -64 -8 -50 -80 -66 -43 -23 -37 -53 -28 -62 -51 -46 -32 -8 0 -94 -1 -39 -66 -59 -58 -51 -98 -21 -18 -88 -97 -68 -96 -35 -51 -52 -65 -66
-73 -23 -56 -86 -24 -26 -73 -73 -88 -44 -2 -63 -9 -3 -78 -47 -96 -78 -14 -74 -76 -64 -57 -39 -95 -57 -84 -67 -16 -22 -54 -97 -45 -57 -74 -35 -96 -31 -56 -98 -99 -100 -93 -55 -37 -48 -53 -64 -62 -3 -8 -82 -91 -98 -99 -17 -80 -19 -32 -70 -21 -28 -16 -77 -21 -57 -1 -100 -16 0 -29 -73 -49 -14 -1 -13 -76 -59 -32 -81 -63 -42 -62 -4 -90 -73 -84 -68 -31 -79 -55 -2 -55 -23 -65 -45 -5 -4 -74 -54 -2 -12 -11 -28 -16 -19 -2 -84 -44 -82 -61 -69 -6 -8 -90 -56 -38 -49 -15 -38 -50 -57 -42 -63 -77 -11 -63
-9 -68 -30 -30 -67 -35 -32 -33 -77 -41 -34 -20 -23 -34 -71 -2 -82 -39 -38 -38 -60 -47 -58 -87 -52 -71 -23 -77 -69 -11 -79 -83 -14 -61 -57 -60 -6 -76 -4 -81 -1 -10 -25 -29 -91 -94 -60 -7 -66 -50 -44 -99 -77 -87 -54 -46 -85 -7 -81 -11 -39 -95 -45 -97 -58 -60 -18 -20 -1 -79 -40 -40 -70 -48 -60 -56 -79 -76 -16 -1 -70 -30 -92 -35 -97 -72 -88 -35 -37 -99 0 -9 -27 -77 -9 -41 -48 -83 -96 -59 -60 -9 -80 -91 -4 -51 -39 -66 -54 -48 -92 -35 -25 -6 -89 0 -42 -68 -15 -70 -65 -18 -18 -88 -37 -38
-15 -52 -29 -42 -45 -78 -3 -85 -50 -63 -51 -92 -47 -97 -89 -17 -52 -100 -61 -70 -85 -3 -96 -7 -25 -5 -79 -80 -33 -71 -23 -96 -54 -8 -62 -62 -51 -75 -10 -92 -48 -91 -78 -57 -99 -57 -39 -15 -32 -89 -88 -43 -16 -66 -91 -80 -92 -13 -62 -87 -61 -55 -45 -23 -66 -14 -54 -91 -37 -36 -95 -24 -28 -11 -29 -77 -36 -34 -59 -8 -61 -73 -95 -15 -20 -75 -66 -29 -41 -87 -82 -93 -39 -88 -49 -42 -31 -5 -17 -60 -72 -20 -95 -45 -72 -33 -24 -68 -77 -58 -94 -48 -10 -87 -74 -22 -31 -27 -36 -50 -38 -35 -23 -38 -89
-42 -63 -92 -53 -99 -18 -43 -34 -82 -55 -17 -92 -19 -99 -37 -46 -26 -99 -74 -10 -71 -80 -75 -61 -87 -73 -82 -57 -25 -73 -52 -16 -67 -41 -25 -57 -38 -66 -65 -69 -86 -27 -89 -52 -38 -69 -55 -38 -38 -13 -75 -88 -96 -51 -93 -76 -74 -22 -40 -65 -78 -83 -81 -15 -33 -57 -37 -44 -10 -41 -1 -46 -8 -13 -68 -38 -55 -37 -2 -22 -19 -45 -15 -63 -92 -65 -41 -12 -97 -8 -68 -91 -53 -64 -66 -23 -26 -83 -17 -40 -8 -10 -67 -80 -40 -32 -80 -6 -98 -3 -5 -38 -55 -61 -29 -11 -19 -58 -15 -5 -69 -58 -32 -89
-81 -25 -35 -84 -67 -53 -38 -8 -51 -69 -19 -18 -2 -73 -79 -29 -89 -75 -96 -12 -4 -90 -11 -18 -89 -34 -4 -45 -48 -6 -12 -78 -77 -72 -34 -39 -37 -67 -80 -50 -36 -57 -5 -22 -64 -56 -63 -10 0 -83 -73 -17 0 -69 -95 -38 -30 -16 -41 -54 -86 -43 -46 -93 -26 -34 -8 -55 -90 -69 -17 -64 -11 -50 -77 -41 -59 -43 -10 -19 -17 -22 -41 -7 -21 -16 -89 -45 -6 -63 -42 -49 -60 -24 -28 -3 -65 -27 -29 -74 -59 -83 -81 -1 -69 -27 -92 -37 -14 -97 -50 -14 -81 -72 -74 -95 -71 -33 -12 -81 -28 -58 -48
-80 -84 -87 -90 -20 -87 -97 -46 -61 -4 -77 -100 -12 -33 -15 -76 -57 -55 -22 -96 -58 -70 -92 -27 -24 -43 -56 -64 -57 -34 -34 -30 -77 0 -35 -42 -5 -51 -80 -84 -23 -89 -73 -67 -98 -60 -57 -97 -86 -88 -8 -1 -1 -42 -98 -94 -20 -63 -35 -35 -94 -73 -24 -26 -45 -20 -77 -100 -26 -92 -47 -41 -63 -18 -97 -59 -83 -92 -69 -96 -42 -49 -99 -41 -22 -67 -41 -71 -40 -34 -8 -69 -76 -91 -84 -17 -68 -40 -27 -1 -99 -71 -66 -24 -77 -60 -44 -72 -66 -64 -84 -10 -16 -13 -32 -50 -6 -70 -41 -3 -1 -13
-96 -13 -88 -69 -91 -81 -93 -65 -81 -30 -20 -57 -95 -55 -59 -75 -7 -98 -75 -13 -47 -88 -41 -88 -97 -58 -50 -4 -13 -19 -14 -53 -13 -100 -36 -82 -11 -34 -76 -26 -16 -51 -49 -33 -33 -88 -9 -22 -68 -50 -73 -80 -49 -25 -72 -25 -85 -73 -13 -69 -87 -51 -22 -99 -53 -52 -32 -94 -85 -62 -12 -93 -73 -64 -50 -87 -46 -56 -19 -15 -86 -83 -90 -39 -74 -40 -57 -86 -37 -52 -47 -10 -63 -12 0 -19 -6 -50 -76 -22 -89 -36 -59 -2 -47 -54 -74 -83 -25 -5 -3 -19 -21 -2 -25 -89 -87 -25 -41 -52 -45
-14 -36 -95 -8 -97 -57 -19 -62 -97 -41 -12 -37 -71 -32 -44 -25 -74 -39 -1 -86 -39 -96 -52 -92 -10 -74 -11 -11 -80 -34 -4 -71 -71 -13 -79 -30 -35 -89 -72 -15 -13 -18 -34 -22 -93 -14 -66 -89 -40 -97 -38 -68 -7 -49 -5 -41 -5 -96 -71 -67 -70 -65 -35 -1 -26 -100 -43 -32 0 -53 -97 -53 -5 -21 -1 -64 -100 -41 -2 -34 -81 -54 -86 -35 -51 -49 -71 -42 -43 -44 -26 -74 -85 -32 -34 -28 -14 -69 -2 -73 -69 -58 -28 -1 -67 -12 -16 -58 -23 -75 -58 -32 -19 -83 -100 -40 -76 -5 -46 -55
-4 -90 -41 -19 -2 -10 -89 -77 0 -72 -58 -56 -40 -29 -94 -7 -100 -35 -73 -77 -59 -5 -56 -40 -49 -7 -18 -14 -92 -23 -83 -25 -25 -47 -52 -68 -62 -19 -70 -60 -34 -95 -29 -18 -46 -93 -4 -93 0 0 -26 -46 -78 -95 -48 -94 -56 -1 -54 -79 -46 -64 -62 -33 -29 -13 -87 -8 -90 -53 -96 -11 -99 -5 -43 -3 -5 -76 -73 -59 -26 -75 -80 -98 -70 -28 -22 -18 -22 -100 -13 -8 -57 -64 -61 -25 -51 -28 -68 -8 -78 -25 -5 -70 -41 -54 -83 -26 -52 -52 -8 -97 -52 -66 -41 -38 -56 -11 -78
-32 -54 -79 -88 -55 -80 -72 -8 -82 -64 -19 -52 -16 -11 -49 -67 -10 -92 -66 -79 -59 -26 -54 -6 -53 -39 -61 -95 -10 -65 -27 -5 -81 -19 -4 -19 -25 -19 -16 -55 -91 -92 -34 -52 -28 -67 -24 -100 -83 -95 -22 -70 -63 -31 -64 -82 -51 -94 -71 -34 -98 -17 -55 -13 -30 -71 -86 -94 -36 -57 -2 -36 -61 -85 -3 -9 -94 -1 -34 -70 -5 -82 -78 -60 -14 -76 -96 -92 -16 -78 -97 -30 -84 -11 -49 -73 -90 -99 -52 -8 -69 -30 -56 -99 -75 -4 -17 -86 -91 -81 -71 -43 -80 -32 -44 -33 -63 -95
-38 -24 -2 -54 -2 -67 -70 -56 -8 -55 -68 -72 -65 -66 -50 -29 -96 -72 -41 -76 -48 -51 -97 -34 -44 -38 -3 -98 -7 -51 -30 -84 -12 -23 -69 -33 -93 -76 -57 -53 -72 -2 -90 -82 -19 -52 -27 -27 -39 -86 -67 -100 -41 -15 -63 -31 -19 -71 0 -97 -44 -64 -49 -60 -42 -26 -23 -88 -46 -4 -37 -85 -80 -18 -76 -8 -15 -100 -96 -69 -36 -40 -64 -81 -34 -98 -77 -38 -100 -100 -27 -26 -71 -47 -41 -69 -39 -92 -51 -55 -85 -67 -20 -58 -3 -40 -56 -31 -20 -96 -96 -51 -94 -94 -28 -50 -70
-84 -53 -16 -17 -99 -61 -38 -94 -12 -49 -90 -20 -84 -3 -97 -61 -21 0 -79 -91 -28 -60 -75 -58 -77 -77 -52 -95 -80 -68 -93 -72 -37 -96 -35 -45 -60 -96 -12 -13 -37 -87 -15 -12 -81 -52 -6 -19 -91 -41 -28 -70 -36 -83 -80 -54 -58 -76 -57 -76 -89 -81 -32 -66 -77 -38 -3 -80 -98 -92 -30 -98 -16 -45 -95 -63 -5 -1 0 -38 -62 -95 -47 -98 -72 -37 -51 -53 -39 -22 -10 -86 -34 -63 -47 -59 -76 -82 -14 -9 -4 -27 -19 -23 -4 -96 -20 -8 -51 -4 -80 -89 -66 -73 -93 -37
-97 -74 -51 -47 -11 -76 -72 -70 -30 -10 -1 -89 -85 -1 -19 -34 -54 -5 -65 -65 -7 -81 -17 -4 -28 -61 -99 -75 -24 -78 -13 -98 -75 -62 -44 -39 -43 -17 -64 -37 -22 -64 -20 -35 -22 -34 -17 -100 -42 -25 -52 -15 -65 -23 -97 -56 -53 -68 -19 -15 -33 -94 -72 -20 -23 -72 -34 -4 -19 -94 -4 -68 -9 -44 -42 -71 -81 -95 -70 -100 -87 -64 -60 -97 -82 -52 -45 -53 -39 -81 -43 -96 -17 -36 -33 -76 -82 -51 -94 -55 -48 -6 -84 -84 -75 0 -86 -65 -54 -44 -14 -87 -85 -81 -68
-25 -42 -21 -61 -5 -38 -15 -70 -44 -77 -29 -51 -29 -67 -77 -15 -75 -55 -94 -28 -6 -31 -96 -85 -76 -57 -57 -19 -17 -58 -28 -74 -100 -72 -11 -59 -40 -23 -74 -60 -63 -98 -44 -4 -39 -64 -52 -94 -7 -43 -57 -59 -90 -34 -3 -4 -61 -61 -93 -46 -85 -38 -48 -83 -79 -47 -45 -28 -78 -43 -42 -68 -70 -31 -43 -94 -74 -51 -69 -58 -2 -58 -79 -13 -84 -34 -88 -72 -70 -49 -11 -13 -20 -54 -50 -84 -64 -30 -37 -53 -5 -39 -90 -57 -32 -71 -20 -34 -13 -72 -61 -59 -66 -21
-13 -97 -88 -94 -55 -62 -5 -61 -31 -88 -1 -2 -17 -73 -54 -44 -15 -69 -81 -97 -36 -13 -27 -95 -29 -61 -86 -62 -22 -96 -72 -98 -42 -91 -58 -45 0 -74 -11 -3 -72 -40 -69 -38 -89 -9 -84 -57 -46 -58 0 -13 -67 -73 -70 -42 -45 -26 -24 -48 -54 -86 -98 -76 -81 -65 -62 -1 -35 -25 -70 -46 -13 -12 -29 -76 -44 -87 -74 -75 -54 -53 -14 -12 -80 -87 -72 -89 -35 0 -81 -82 -38 -62 -52 -53 -88 -79 -76 -79 -61 -96 -90 -24 -24 -29 -4 -98 0 -79 -21 -30 -53
-10 -27 -62 -40 -35 -35 -8 -14 -78 -75 -48 -16 -38 -84 -15 -21 -33 -19 -21 -37 -69 -57 -16 -93 -74 -84 -50 -63 -7 -30 -11 -61 -93 -94 -53 -63 -37 -7 -4 -58 -12 -89 -43 -39 -20 -38 -34 -9 -64 -39 -20 -54 -37 -34 -50 -57 -69 -43 -96 -23 -91 -13 -29 -32 -58 -32 -6 -82 -83 -69 -80 -35 -45 -68 -73 -59 -17 -1 -40 -20 -80 -28 -41 -17 -98 -37 -39 -42 -88 -71 -6 -53 -5 -49 -85 -21 -3 -81 -52 -20 -75 -87 -22 -74 -87 -79 -13 -50 -4 -27 -45 0
-56 -36 -67 -24 -94 -80 -6 -10 -79 -47 -23 -87 -80 -40 -85 -9 -92 -73 -56 -88 -97 -99 -56 -26 -62 -26 -55 -1 -82 -42 -57 -2 -24 -58 -47 -39 -58 -75 -20 -44 -53 -83 -28 -33 -61 -75 -44 -59 -63 -39 -54 -12 -8 -92 -54 -17 -36 -88 -70 -46 -49 -16 -80 -21 -7 -70 -76 -15 -61 -43 -98 -58 -25 -79 -38 -2 -86 -57 -81 -11 -18 -73 -88 -99 -74 -6 -72 -20 -72 -82 -86 -82 -80 -62 -13 -27 -73 -26 -52 -40 -15 -95 -33 -98 -70 -56 -43 -75 -21 -58 -36
-50 -49 -25 -66 -13 -43 -61 -55 -60 -53 -35 -96 -70 -37 -74 -52 -4 -99 -87 -93 -40 -88 -18 -50 -15 -2 -70 -41 -79 -59 -95 -87 -45 -23 -32 -85 -28 -18 -89 -71 -42 -81 -76 0 -86 -18 -96 -44 -46 -54 -84 -34 -7 -48 -54 -85 -22 -28 -58 -53 -34 -38 -19 -98 -7 -98 -62 -54 -56 -74 -93 -64 -3 -98 -3 -100 -25 -70 -67 -58 -19 -3 -95 -13 -18 -40 -65 -61 -17 -64 -90 -27 -92 -28 -41 -76 -29 -20 -21 -84 -17 -48 -50 -35 -76 -32 -34 -96 -16 -24
-32 -84 -27 -100 -67 -90 -41 -100 -57 -99 -39 -24 -10 -80 -79 -68 -55 -74 -58 -54 -55 -87 -39 -20 -64 -24 -59 -50 -82 -16 -58 -99 -34 -3 -44 -53 -68 -50 -78 -44 -64 -78 -4 -75 -79 -89 -14 -36 -61 -55 -33 -45 -39 -36 -44 -16 -41 -82 -20 -11 -58 -28 -50 -60 -73 0 -42 -20 -94 -79 -23 -78 -91 -14 -95 -59 0 -95 -67 0 -30 -55 -24 -32 -30 -52 -24 -16 -74 -80 -26 -36 -53 -66 -88 -35 -88 -70 -5 -51 -73 -24 -69 -78 -37 -14 -84 -33 -73
-4 -14 -62 -89 -59 -44 -29 -2 -8 -89 -23 -70 -56 -3 -48 -20 -1 -44 -12 -94 -62 -61 -36 -94 -87 -28 -45 -53 -22 -59 -54 -51 -72 -13 -86 -14 -61 -73 -25 -71 -71 -76 -60 -46 -22 -15 -24 -15 -93 -47 -5 -45 -17 -96 -81 -16 -36 -95 -73 -47 -5 -55 -2 -56 -49 -55 -65 -17 -90 -86 -1 -54 -81 -37 -44 -6 -78 -43 -43 -54 -33 -5 -81 -71 -69 -93 -100 -95 -100 -12 -21 -82 -70 -86 -60 -93 -24 -89 -81 -73 -44 -21 -40 -96 -2 0 -20 -46
-30 -47 -85 -19 -32 -47 -48 -60 -80 -78 -68 -43 -64 -83 -19 -69 -62 -40 -25 -15 -40 -41 -47 -79 -64 -72 -27 -100 -71 -100 -2 -32 -36 -54 -66 -8 -41 -48 -62 -31 -77 -2 -22 -72 -42 -55 -92 -40 -83 -98 -26 -16 -35 -80 -23 -52 -17 -77 -38 -94 -4 -14 -19 -60 -10 -71 -17 -60 -25 -92 -5 -32 -92 -3 -79 -76 -11 -24 -28 -62 -74 -23 -100 -8 -98 -19 -28 -59 -41 -31 -45 -35 -51 -46 -77 -60 -82 -88 -49 -60 -43 -33 -55 -1 -22 -78 -33
-32 -11 -60 -89 -78 0 -18 -29 -42 -34 -90 -12 -23 -88 -68 -45 -26 -1 -98 -4 -24 -8 -58 -53 -45 -69 -67 -68 -81 -58 -23 -55 -69 -50 -77 -95 -50 -58 -90 -49 -79 -54 -3 -55 -60 -44 -41 -98 -59 -71 -43 -15 -1 -26 -31 -91 -55 -4 -4 -80 -4 -2 -61 -47 -6 -11 -90 -48 -18 -14 -87 -89 -87 -90 -70 -46 -96 -93 -50 -18 -65 -7 -35 -38 -15 -39 -10 -47 -24 -10 -82 -57 -67 -10 -12 -47 -97 -54 -45 -23 -14 -3 -35 -25 -64 -56
-82 -69 -82 -63 -2 -6 -62 -59 -46 -44 -96 -70 -87 -28 -82 -9 -57 -10 -54 -26 -75 -6 -22 -63 -79 -49 -23 -47 -9 -19 -43 -33 -39 -22 -8 -9 -9 -6 -24 -71 -79 -30 -83 -6 -22 -83 -24 -47 -68 -8 -69 -78 -46 -90 -84 -35 -82 -2 -67 -23 -88 -26 -62 -67 -37 -62 -45 -30 -50 -71 -55 -86 -43 -92 -50 -45 -54 -72 -22 -54 -97 -41 -17 -8 -41 -78 -51 -18 -96 -74 -53 -9 -80 -65 -91 -23 -93 -12 -23 -73 -35 -57 -77 -23 -24
-50 -72 -2 -100 -15 0 -46 -51 -79 -8 -33 -83 -54 -74 -15 -69 -13 -79 -5 -53 -15 -78 -90 -24 -12 -76 -84 -46 -58 -51 -74 -64 -77 -75 -95 -74 -63 -45 -91 -82 -55 -11 -15 -8 -19 -95 -7 -94 -100 -24 -98 -25 -100 -3 -44 -32 -68 -38 -89 -37 -89 -9 -47 -22 -37 -72 -61 -66 -95 -3 -81 -60 -79 -93 -28 -73 -41 -38 -70 -64 -48 -9 -72 -42 -3 -64 -11 -56 -13 -50 -14 -87 -35 -85 -95 0 -96 -67 -85 -48 -59 -84 -6 -74
-11 -57 -94 -7 -12 -97 -59 -30 -54 -90 -30 -40 -53 -43 -46 -63 -59 -19 -75 -50 -88 -15 -61 -37 0 -18 -99 -31 -47 -38 -25 -63 -85 -18 -8 -37 -47 -21 -34 -8 0 -46 -30 -56 -18 -30 -76 -49 -72 -76 -62 -59 -80 -80 -86 -74 -7 -6 -41 -3 -99 -82 -90 -55 -82 -84 -12 -63 -88 -32 -64 -33 -47 -99 -27 -85 -28 -40 -62 -14 -87 -10 -21 -41 -89 -8 -98 -57 -35 -11 -93 -38 -19 -48 -6 -7 -84 -14 -100 -6 -53 -46 -21
-25 -29 -100 -63 -31 -26 -71 -65 -56 -33 -32 -88 -12 -5 -42 -89 -5 -90 -87 -45 -20 -100 -7 -93 -59 -2 -10 -95 -40 -8 -30 -58 -80 -47 -72 -70 -88 -83 -68 -37 -7 -55 -94 -74 -17 -83 -79 -52 -17 -78 -27 -4 -3 -46 -96 -25 -35 -100 -47 -23 -97 -62 -46 -78 -70 -42 -3 -98 -82 -82 -21 -10 -44 -84 -29 -1 -52 -90 -8 -93 -66 -73 -45 -19 -38 -27 -52 -94 -7 -34 -83 -33 -92 -6 -13 -86 -85 -44 -24 -87 -58 -11
-95 -12 -20 -67 -52 -54 -65 -57 -13 -36 -15 -53 -49 -67 -3 -90 -83 -15 -9 -11 -43 -77 -71 -55 -4 -11 -75 -41 -19 -62 -43 -63 -21 -10 -72 -82 -49 -10 -96 -7 0 -86 -64 -98 -76 -5 -34 -9 -54 -81 -89 -92 -51 -86 -26 -23 -47 -17 -73 -60 -96 -82 -90 -32 -96 -43 -59 -6 -51 -71 -21 -99 -77 -75 -55 -43 -2 -63 -4 -92 -16 -87 -16 -62 -48 -26 -40 -25 -12 -75 -95 -15 -53 -20 -24 -17 -30 -78 -25 -84 -82
-99 -11 -42 -20 -26 -81 -94 -5 -67 -54 -24 -31 -46 -85 -87 -41 -100 -7 -55 -66 -23 -10 -100 -46 -79 -85 -62 -74 -3 -77 -38 -84 -34 -36 -7 -73 0 -17 -92 -54 -31 -55 -13 -15 -50 -55 -39 -62 -45 -12 -86 -67 -21 -27 -85 -18 -31 -53 -3 -21 -82 -97 -5 -13 -72 -71 -69 -82 -80 -100 -24 -52 -14 -69 -25 -50 -67 -22 -55 -98 -60 -30 -7 -93 -48 -57 -39 -52 -64 -1 -93 -82 -38 -88 -97 -60 -54 -51 -76 -34
-89 -24 -9 -19 -75 -47 -54 -58 -71 -82 -56 -84 -72 -96 -32 -80 -34 -79 -53 -83 -55 -28 -56 -1 -11 -95 -27 -26 -3 -5 -76 -58 -48 -69 -25 -55 -82 -16 -31 -36 -74 -13 -10 -78 -48 -45 -86 -17 -93 -91 -76 -22 -13 -52 -11 -50 -26 -21 -72 -45 -7 -6 -98 -23 -18 -61 -57 -17 -88 -91 -60 -52 -72 -50 -77 -49 -47 -90 -67 -76 -96 -28 -28 -93 -44 -39 -3 -23 -96 -36 -42 -75 -29 -80 -66 -50 -17 -61 -74
-60 -26 -43 -37 -39 -94 -15 -45 -75 -69 -23 -66 -26 -3 -80 -60 -2 -16 -18 -44 -68 -73 -2 -85 -78 -16 -40 -7 -63 -51 -25 -96 -38 -70 -51 -24 -59 -51 -49 -9 -16 -15 -77 -20 -3 -12 -41 -36 -90 -59 -14 -48 -96 -91 -58 -1 -83 -55 -2 -82 -30 -10 -41 -25 -29 -58 -55 -24 -4 -28 -78 -17 -11 -72 -34 -98 -14 -84 -47 -71 -74 -52 -95 -53 -76 -69 -49 -34 -26 -54 -15 -26 -70 -59 -18 -41 -85 -53
-39 -28 -73 -81 -62 -10 -31 -66 -30 -61 -81 -51 -63 -83 -79 -1 -66 -96 -67 -28 -51 -88 -12 -65 -77 -1 -4 0 -92 -48 -57 -45 -64 -29 -27 -18 -100 -57 -93 -91 -27 -37 -79 -26 -15 -6 -44 -3 -3 -42 -53 -16 -43 -77 -19 -49 -31 -18 -41 -74 -61 -53 -6 0 -66 -62 -69 -55 -67 -28 -84 -43 -33 -93 -13 -17 -79 -43 -49 -4 -39 -42 -62 -56 -88 -53 -55 -49 -72 -65 -31 -87 -80 -48 -25 -93 -35
-40 -76 -73 -41 -13 -3 -38 -13 -20 -70 -59 -96 -10 -21 -78 -28 -30 -61 -9 -33 -60 -30 -14 -40 -65 -80 -93 -17 -12 -61 -40 -9 -26 -5 -38 -14 -3 -99 -40 -98 -95 -93 -66 -54 -18 -27 -3 -24 -35 -39 -40 -87 -27 -5 -73 -29 -1 -42 -93 -29 -96 -86 -31 -73 -64 -67 -15 -3 -56 -18 -29 -14 -42 -57 -7 -50 -93 -70 -6 -100 -89 -5 -38 -23 -49 -69 -100 -22 -2 -88 -15 -30 -4 -55 -75 -86
-87 -43 -16 -14 -15 -61 -97 -36 -15 -33 -22 -83 -49 -93 -72 -24 -85 -8 -66 -84 -52 -30 -77 -9 -53 -97 -69 -96 -81 -53 -33 -76 -22 -2 -33 -97 -75 -46 -6 -21 -28 -94 -34 -61 -73 -6 -51 -82 -43 -16 -64 -8 -49 -96 -33 -44 -71 -95 -47 -39 -61 -62 -1 -26 -35 -16 -73 -25 -55 -25 -13 -67 -78 -78 -97 -41 -9 -64 -76 -54 -69 -52 -5 -19 -89 -54 -55 -59 -73 -23 -66 -46 -86 -27 -24
-91 -46 -85 -57 -95 -64 -63 -85 -22 -19 -57 -22 -98 -13 -85 -6 -36 -52 -73 -78 -89 -50 -9 -100 -68 -92 -68 -63 -52 -33 -92 -5 -7 -39 -59 -36 -7 -56 -31 -35 -93 -54 -53 -100 -63 -3 -65 -15 -23 -57 -14 -22 -83 -50 -60 -95 -80 -13 -66 -25 -83 -99 -53 -65 -81 -4 -26 -4 -81 -54 -39 -12 -96 -50 -75 -62 -6 -55 -26 -96 -41 -33 -5 -94 -48 -61 -72 -21 -6 -30 -24 -74 -12 -7
-1 -97 -67 -62 -1 -92 -26 -93 -34 -21 -81 -68 -94 -76 -80 -4 -86 -64 -72 -32 -42 -7 -77 -5 -22 -4 -62 -34 -19 -19 -60 -20 -44 -11 -35 -62 -25 -90 -31 -6 -84 -19 -16 -26 -96 -51 -61 -100 -56 -46 -41 -13 -71 -53 -91 -35 -70 -93 -48 -30 -59 -14 -79 -34 -94 -49 -25 -80 -35 -53 -15 -90 -12 -71 -73 -64 -100 -79 -5 -85 -83 -78 -83 -14 -72 -65 0 -13 -7 -54 -50 -19 -79
-89 -31 -24 -4 -100 -72 -22 -97 -64 -64 -77 -64 -92 -7 -30 -57 -43 -68 -7 -88 -89 -75 -4 -30 -88 -83 -68 -51 -30 -31 -44 -5 -67 -4 -70 -76 -66 -17 -27 -100 -26 -88 -94 -70 -64 -33 -99 -4 -35 -2 -60 -24 -58 -29 -95 -60 -55 -19 -97 -26 -61 -31 -11 -3 -8 -57 -68 -10 -44 -37 -87 -71 -50 -31 -93 -3 -98 -61 -69 -54 -51 -78 -32 -9 -91 -12 -13 -8 -51 -25 0 -95
-7 -92 -30 -81 -21 -73 -31 -60 -85 -65 -12 -41 -59 -16 -98 -14 -70 -13 -39 -69 -91 -53 -24 -94 -62 -46 -12 -54 -59 -48 -1 0 -53 -26 -34 -31 -71 -24 -34 -5 -30 -87 -3 -15 -71 -77 -71 -68 -88 -85 -27 -41 -85 -96 -57 -90 -4 -81 -31 -13 -82 -75 -83 -57 -41 -94 -87 -97 -28 -21 -21 -100 -78 -76 -58 -38 -92 -71 -26 -53 -6 -18 -54 -31 -21 -5 -23 -62 -41 -12 -13
-17 -21 -26 -89 -11 -54 -14 -7 -18 -77 -76 -50 -82 -30 -18 -66 -11 -26 -51 -63 -73 -41 -8 -33 -87 -46 -70 -19 -57 -41 -68 -60 -2 -67 -26 -7 -25 -92 -9 -40 -45 -43 -100 -95 -32 -51 -36 -94 -32 -30 -84 -12 -77 -26 -37 -47 -52 -27 -64 -79 -97 -36 -12 -82 -72 -61 -75 -14 -1 -14 -53 -13 -63 -37 -100 -15 -21 -14 -12 -35 -96 -88 -41 -94 -8 -71 -75 -40 -96 -85
-13 -27 -22 -51 -11 -59 -100 -54 -64 -41 -5 -61 -22 -71 -54 -62 -72 -30 -87 -59 -6 -28 -46 -44 -61 -15 -37 -7 -75 -71 -91 -63 -53 -88 -81 -6 -15 -58 -8 -49 -68 -62 -47 -38 -21 -66 -9 -21 -79 -46 -13 -47 -25 -10 -82 -38 -18 -28 -70 -31 -40 -88 -34 -41 -56 -93 -48 -14 -54 -22 -30 -80 -11 -67 -97 -9 -55 -71 -22 -46 -84 -31 -100 -9 -67 -81 -47 -80 -77
-10 -99 -21 -73 -65 -52 -93 -48 -84 -82 -53 -56 -30 -66 -41 -11 -68 -82 -30 -87 -43 -8 -5 -82 -96 -30 -93 -85 -10 -77 -88 -69 -96 -9 -78 -23 -87 -48 -100 -24 -9 -55 -74 -56 -75 -62 -30 -94 -94 -7 -80 -90 -46 -18 -58 -7 -72 -84 -72 -68 -23 -21 -61 -87 -85 -30 -97 -100 -10 -97 -70 -94 -88 -98 -78 -64 -81 -24 -14 -35 -92 -37 0 -63 -83 -7 -3 -45
-25 -15 -8 -16 -72 -31 -57 -29 -44 -53 -59 -19 -34 -71 -39 -38 -99 -87 -57 -91 -5 -26 -96 -32 -50 -12 -96 -36 -36 -94 -54 -95 -62 -28 -61 -29 -66 -74 -79 -24 -14 -31 -62 -63 -20 -73 -66 -70 -19 -27 -98 -52 -41 -69 -57 -59 -18 -82 -49 -54 -45 -51 -59 -99 -31 -78 -90 -85 -18 -99 -83 -46 -6 -34 -75 -19 -13 -61 -17 -33 -63 -53 0 -35 -95 -26 -53
-26 -14 -65 -77 -45 -91 -68 -73 -29 -66 -80 -35 -86 -87 -63 -7 -1 -29 -91 -43 -67 -31 -87 -45 -8 -37 -79 -43 -88 -50 -36 -71 -82 -28 -8 -38 -89 -45 -40 -50 -84 -17 -56 -19 -23 -14 -93 -14 -85 -74 -64 -95 -74 -20 -87 -7 -11 -25 -11 -93 -8 -87 -50 -91 -31 -84 -22 -21 -26 -97 -64 -78 -48 -84 -9 -85 -80 -52 0 -43 -83 -33 -69 -89 -74 -13
-65 -88 -22 -68 -2 -99 -38 -56 -42 -30 -6 -36 -6 -11 -82 -37 -43 -68 -40 -9 -91 -67 -58 -65 -70 -98 -45 -28 -10 -48 -70 -70 -82 -25 -68 -16 -38 -49 -23 -99 -75 -66 -96 -43 -74 -57 -94 -72 -48 -36 -66 -43 -15 -89 -91 -44 -98 -5 -96 -43 -11 -81 -90 -73 -19 -16 -34 -49 -87 -56 -38 -55 -75 -18 -92 -82 -63 -82 -42 -4 -27 -48 -72 -54 -46
-83 -77 -14 -5 -22 -4 -36 -27 -72 -68 -36 -32 -69 -83 -65 -18 -12 -47 -48 -52 -42 -26 -50 -73 -8 -100 -27 -91 -100 -19 -34 -50 0 -31 -42 -32 -36 -19 -14 -42 -42 -82 0 -17 -20 -15 -54 -4 -19 -98 -77 -95 -39 -49 -59 -15 -51 -41 -27 -77 -39 -72 -98 -88 -47 -21 -100 -49 -11 -49 -86 -98 -22 -98 -49 -36 -39 -97 -73 -63 -83 -38 -57 -1
-36 -32 -28 -46 -55 -83 -24 -34 -5 -18 -1 -50 -48 -61 -68 -41 -78 -4 -31 -46 -85 -31 -45 -83 -75 -46 -95 -84 -37 -44 -6 -88 -43 -70 -71 -45 -65 -40 -17 -92 -41 -85 -10 -68 -98 -47 -93 -29 -95 -25 -47 -85 -47 -27 -66 -91 -59 -4 -51 -78 -98 -6 -55 -64 -64 -97 -18 -82 -7 -74 -59 -15 -23 -86 -72 -95 -32 -96 -61 -68 -47 -82 -81
-81 -37 -65 -33 -84 -82 -56 -52 -96 -47 -11 -21 -30 -54 -41 -38 -63 -41 -77 -37 -15 -3 -55 -40 -51 -31 -25 -58 -79 -87 -2 -48 -28 -71 -81 -5 -58 -45 -67 0 -57 -22 -88 -63 -74 -12 -90 -56 -27 -6 -32 -15 -20 -82 -94 -28 -9 -69 -50 -68 -7 -84 -79 -85 -100 -69 -42 -52 -14 -9 -78 -17 -11 -63 -25 -20 -44 -95 -8 -96 -62 -76
-95 -38 -42 -56 -85 -80 -73 -66 -57 -61 -99 -31 -6 -20 -68 -46 -21 -99 -24 -9 -28 -93 -60 -1 -42 -78 -99 -95 -80 -89 -22 -19 -23 -43 -96 -53 -29 -49 -4 -34 -80 -65 -36 0 -91 -54 -38 -44 -9 -37 -24 -65 -70 -97 -90 -34 -57 -57 -27 -5 -5 -24 -70 -24 -94 -70 -7 -3 -83 -31 -41 -73 -62 -58 -86 -23 -35 -35 -28 -8 -27
-99 -50 -71 -48 -54 -55 -61 -35 -81 -97 -8 -54 -58 -52 -77 -90 -26 -76 -93 -33 -4 -47 -47 -88 -28 -78 -4 -99 -75 -6 -88 -81 -92 -96 -79 -3 0 -14 -73 -1 -65 -72 -80 -97 -76 -20 -51 -9 -50 -90 -87 -24 -30 -63 -28 -88 -42 -94 -78 -10 -39 -74 -62 -36 -42 -63 -24 -60 -74 -64 -49 -18 -23 -89 -67 -7 -68 -61 -68 -90
-80 -20 -30 -77 -58 -97 -36 -50 -43 -26 -80 -18 -61 -49 -55 -48 -26 0 -88 -43 -3 -100 -66 -21 -47 -83 -6 -71 -53 -94 -4 -94 -31 -6 -92 -9 -21 -97 -22 -21 -69 -27 -42 -58 -50 -65 -79 -61 -16 -99 -10 -88 -35 -60 -80 -17 -5 -62 -48 -20 -77 -73 -63 -85 -51 -85 -37 -72 -53 -10 -74 -58 -86 -58 -13 -73 -51 -27 -95
-61 -19 -6 -20 -11 -88 -30 -37 -26 -41 -72 -49 -86 -96 -44 -39 -69 -24 -24 -41 -71 -35 -17 -39 -33 -92 -84 -10 -67 -79 -25 -97 -81 -70 -72 -21 -66 -42 -2 -27 -40 -35 -15 -42 -15 -18 -48 -26 -11 -22 -18 -74 -84 -29 -1 -17 -70 -72 -35 -29 -92 -44 -37 -34 -72 -57 -20 -4 -100 -99 -74 -48 -41 -54 -22 -78 -67 -36
-71 -5 -14 -4 -87 -52 -3 -64 -95 -50 -57 -62 -78 -72 -17 -89 -91 -87 -93 -71 -48 -58 -77 -83 -57 -30 -36 -21 -92 -82 -32 -44 -10 -20 -97 -61 -64 -67 -84 -98 -10 -91 -69 -80 -97 -91 -18 -13 -91 -76 -83 -34 -39 -12 -41 -19 -99 -7 -65 -53 -96 -18 -45 -72 -18 -20 -14 -27 -97 -20 -79 -36 -80 -24 -26 -96 -30
-14 -57 -41 -81 -21 -86 -31 -22 -23 -88 -79 -13 -11 -35 -12 -86 -58 -51 -83 -87 -84 -84 -80 0 -2 -54 -40 -100 -82 -63 -6 -23 -93 -42 -74 -85 -51 -89 -42 -6 -51 -10 -79 -4 -97 -16 -70 -58 -87 -23 -41 -60 -99 -42 -56 -95 -30 -45 -87 -43 -26 -96 -9 -47 -10 -27 -55 -73 -21 -1 -26 -75 -49 -18 -93 -73
-82 -17 -44 -89 -90 -38 -44 -17 -54 -33 -36 -4 -62 -46 -36 -30 -35 -36 -6 -48 -91 -79 -70 -6 -59 -50 -75 -27 -58 -62 -56 -20 -34 -68 -6 -74 -97 -80 -27 -94 -51 -22 -61 -76 -99 -49 -16 -78 -46 -19 -58 -85 -11 -41 -66 -16 -65 -38 -66 -70 -75 -94 -73 -38 -55 -5 -10 -13 -95 -46 -23 -81 -30 -16 -30
-28 -33 -35 -32 -79 -85 -29 -91 -39 -13 -43 -63 -36 -1 -79 -31 -95 -51 -29 -26 -47 -37 -19 -53 -10 -53 -17 -96 -38 -48 -15 -8 -11 -69 -44 -56 -97 -9 -44 -71 -80 -41 -68 -91 -55 -98 -69 -88 -74 -53 -29 -88 -71 -63 -71 -83 -53 -55 -87 -31 -34 -43 -80 -11 -10 -66 -85 -42 -84 -11 -4 -44 -36 -58
0 -85 -24 -99 -95 -92 -52 -68 -97 -15 -33 -24 -51 -81 -24 -75 -22 -3 -83 -71 -59 -47 -21 -60 -71 -83 -91 -57 -26 -64 -53 -28 -60 -2 -1 -10 -33 -64 -32 -70 -64 -23 -4 -72 -80 -26 -90 -47 -27 -48 -23 -41 -87 -92 -22 -28 -59 -50 -59 -20 -89 -57 -39 -15 -34 -53 -40 -61 -79 -24 -72 -82 -8
-27 -5 -28 -68 -24 -71 -18 -75 -14 -21 -22 -89 -97 -72 -82 -89 -3 -53 -24 -29 -86 -3 -30 -12 -49 -52 -31 -33 -12 -59 -30 -41 -81 -46 -49 -23 -54 -71 -5 -13 -97 -37 -94 -21 -36 -68 -47 -58 -35 -22 -32 -21 -53 -97 -9 -7 -64 -88 -67 -30 -30 -91 -65 -74 -71 -80 -45 -8 -89 -27 -62 -35
-82 -81 -39 -3 -82 -9 -75 -63 -16 -24 -1 -44 -15 -24 -15 -42 -30 -32 -80 -15 0 -3 -83 -38 -80 -36 -49 -57 -98 -39 -71 -13 -31 -40 -71 -84 -30 -67 -75 -70 -75 -96 -22 -55 -50 -45 -33 -61 -98 -62 -65 0 -56 -49 -59 -35 -28 -35 -98 -98 -48 -84 -54 -10 -82 -9 -56 -44 -75 -64 -98
-53 -33 -11 -22 -46 -49 -68 -16 0 -98 -27 -40 -92 -77 -29 -41 -99 -57 -91 -90 -25 -48 -19 -11 -98 -51 -66 -25 -63 -84 -42 -39 -61 -1 -47 -56 -62 -51 -50 -96 -13 -33 -15 -57 -100 -77 -87 -21 -70 -35 -53 -6 -73 -100 -1 0 -89 -28 -82 -87 -57 -76 -94 -72 -65 -28 -48 -73 -38 -41
-35 -79 -85 -55 -53 -11 -15 -11 -64 -57 -2 -40 -49 -81 -68 -19 -20 -80 -11 -47 -11 -18 -63 -50 0 -23 -72 -68 -84 -86 -94 -73 -71 -6 -71 -9 -97 -27 -35 -27 -32 -45 -2 -44 -26 -20 -65 -13 -12 -17 -19 -48 -51 -53 -100 -37 -91 -66 -63 -5 -37 -88 -4 -27 -63 -50 -20 -62 -52
-38 -59 -3 -7 -32 -75 -32 -61 -60 -74 -99 -29 -92 -26 -55 -43 -84 -4 -75 -47 -54 -25 -48 -25 -84 -17 -74 -56 -75 0 -26 -38 -62 -28 -97 -8 -29 -73 -76 -66 -48 -86 -41 -4 -46 -32 -23 -44 -67 -5 -42 -55 -76 -85 -38 -7 -32 -37 -40 -4 -46 -71 -44 -52 -56 -84 -20 -51
-6 -41 -97 -11 -70 -26 -48 -89 -95 -73 -77 -67 -28 -40 -13 -71 -7 -70 -16 -6 -99 -75 -69 -10 -6 -79 -98 -45 -37 -54 -86 -66 -69 -43 -3 -42 -52 -52 -52 -89 -47 -12 -56 -34 -75 -100 -64 -71 -56 -19 -42 -86 -70 -50 -35 -47 -37 -8 -12 -13 -48 -55 -11 -46 -75 -65 -44
-44 -50 -81 -70 -55 -50 -62 -23 -18 -17 -88 -51 -53 -88 -40 -14 -62 -82 -33 -75 -79 -1 -68 -41 -87 -34 -90 -12 -59 -16 -34 -97 -21 -26 -26 -21 -26 -9 -57 -33 -23 -60 -31 -50 -6 -32 -22 -65 -50 -4 -62 -67 -93 -86 -86 -24 -71 -54 -13 -80 -73 -4 -13 -25 -18 -93
-27 -67 -82 -9 -2 -79 -15 -37 -86 -67 -33 -67 -89 -73 -98 -51 -83 -39 -96 -3 -46 -6 -52 -75 -39 -48 -22 -40 -76 -23 -48 -66 -18 -72 -10 -73 -86 -56 -9 -49 -100 -76 -87 -69 -35 -9 -15 -10 -92 -37 -81 -52 -62 -78 -19 -100 -53 -33 -96 -74 -43 -66 -75 -25 -36
-3 -4 -7 -75 -39 -9 -25 -42 -60 -73 -41 -96 -30 -5 -65 -9 -53 -65 -34 -57 -38 -97 -59 -72 -67 -34 -91 -98 -25 -96 -3 -36 -82 -65 -12 -59 -84 -48 -25 -100 -4 -70 -99 -63 -61 -34 -69 -95 -2 -5 -49 -66 -99 -71 -13 -48 -51 -88 -65 -26 -29 -13 -11 -29
-65 -68 -96 -62 -48 -86 -48 -39 -55 -72 -3 -52 -12 -19 -78 -9 -43 -1 -6 -89 -71 -28 -29 -69 -71 -19 -38 -58 -68 -26 -86 -74 -18 -73 -67 -81 -13 -7 -35 -97 -32 -2 -89 -93 -91 -36 -62 -47 -67 -32 -6 -97 -89 -62 -29 -50 -57 -55 -9 -82 -91 -57 -28
-68 -50 -62 -84 -11 -92 -3 -20 -42 -60 -14 -95 -11 -92 -62 -48 -16 -87 -12 -90 -53 -44 -76 -43 -59 -76 -10 -74 -58 -46 -68 -13 -44 -13 -3 -40 -3 -49 -13 -65 -44 -77 -86 -94 -20 -91 -89 -80 -67 -99 -40 -75 -46 -88 -87 -97 -34 -3 -22 -56 -38 -9
-90 -76 -28 -85 -59 -57 -55 -20 -49 -2 -80 -96 -67 -21 -64 -85 -79 -44 -23 -45 -8 -3 -43 -49 -12 -44 -35 -83 -90 -36 -25 -6 -19 -48 -92 -61 -89 -25 -6 -2 -20 -28 -87 -3 -68 -58 -1 -5 -5 -21 -85 -34 -23 -91 -87 -83 -53 -40 -73 -2 -72
-40 -71 -11 -3 -96 -96 -82 -9 -48 -82 -58 -63 -40 -73 -18 -49 -79 -38 -30 -69 -91 -94 -26 -53 -4 -82 -11 -83 -59 -1 -83 -16 -18 -83 -42 -5 -35 -78 -71 -17 -61 -63 -24 -12 -10 -83 -7 -53 -99 -47 0 -34 -88 -40 -32 -56 -1 -37 -24 -3
-25 -23 -43 -94 -86 -52 -69 -53 -41 -63 -36 -59 -94 -63 -31 -48 -47 -95 -66 -70 -87 -19 -63 -87 -36 -27 -10 -5 -97 -7 -73 -93 -88 -92 -47 -13 -98 -9 -22 -91 -45 -71 -64 -86 -48 -5 -31 -19 -67 -80 -72 0 -93 -33 -92 -91 -100 -40 -50
-90 -62 0 -47 -35 -10 -64 -70 -14 -98 -27 -78 -36 -66 -22 -52 -71 -49 -86 -89 -78 -39 -50 -10 -1 -29 -3 -73 -79 -66 -57 -21 -62 -99 -10 -2 -57 -53 -94 -52 -93 -25 -48 -32 -76 -94 -56 -70 -22 -9 -85 0 -55 -7 -95 -98 -82 -79
-5 -99 -7 -7 -29 -63 -86 -67 -24 -66 -32 -34 -62 -28 -78 -56 -61 -32 -70 -42 -4 -65 -88 -99 -72 -20 -21 -39 -70 -12 -23 -16 -38 -96 -36 -70 -81 -96 -71 -34 -78 -26 -22 -5 -35 -86 -85 -57 0 -14 -72 -82 -2 -16 -18 -19 -35
-30 -83 -66 -68 -79 -52 0 -6 -79 -68 -35 -52 -61 -50 -48 -9 -39 -86 -52 -89 -99 -32 -48 -60 -91 -2 -27 -5 -99 -53 -49 -1 -7 -59 -48 -56 -43 -19 -8 -18 -44 -51 -61 -59 -98 -89 -85 -33 -27 -3 -61 -63 -77 -98 -9 -84
-43 -99 -10 -49 -5 -5 -17 -66 -29 -84 0 -8 -42 -82 -7 -49 -24 -98 -23 -81 -82 -18 -42 -81 -82 -6 -34 -46 -54 -30 -89 -19 -62 -6 -35 -35 -66 -34 -41 -8 -5 -18 -18 -54 -79 -24 -70 -2 -80 -85 -53 -25 -59 -55 -6
-64 -34 -54 -95 -42 -55 -40 -6 -79 -35 -46 -71 -11 -55 -2 -65 -32 -68 -54 -63 -89 -89 -1 -97 -58 -56 -76 -73 -58 -10 -60 -16 -26 -11 -35 -90 -1 -16 -72 -75 -27 -54 -18 -77 -47 -98 -86 -75 -49 -86 -66 -86 -71 -79
0 -49 -40 -78 -16 -38 -20 -40 -34 -92 -17 -34 -67 -34 -77 -12 -22 -28 -85 -14 -72 -98 -68 -90 -26 -24 -1 -71 -55 -31 -49 -94 -26 -8 -76 -92 -23 -78 -52 -6 -61 -25 -31 -78 -8 -40 -64 -90 -60 -71 -49 -15 -68
-14 -91 -71 -77 -80 -58 -61 -31 -9 -94 -47 -52 -40 -67 -24 -14 -17 -44 -94 -96 -34 -51 -21 -94 -43 -6 -10 -10 -19 -71 -86 -57 -34 -98 -48 -63 -25 -6 -2 -7 -4 -20 -8 -84 -91 -64 -33 -3 -60 -78 -82 -7
-14 -29 -4 -6 -26 -20 -39 -69 -22 -20 -14 -80 -50 -11 -81 -79 -30 -35 -16 -57 -90 -48 -38 0 -52 -98 -63 -9 -73 -83 -94 -22 -79 -78 -60 -91 -27 -65 -4 -77 -19 -37 -6 -59 -11 -14 -9 -42 -85 -37 -60
-88 -59 -77 -78 -44 -63 -65 -39 -49 -49 -27 -72 -35 -61 -31 -99 -8 -8 -97 -9 -89 -85 -95 -75 -60 -32 -84 -89 -37 -38 -83 -75 -18 -47 -53 -32 -34 -1 -27 -70 -97 -25 -59 -75 -31 -3 -69 -28 -8 0
-42 -45 -24 -62 -46 -83 -90 -48 -25 -53 -46 -99 -1 -87 -34 -39 -50 -32 -19 -75 -32 -26 -74 -42 -2 -62 -37 -98 -47 -18 -31 -16 -45 -73 -3 -14 -13 -33 -11 -5 -28 -74 -57 -1 -1 -11 -42 -37 -87
-50 -68 -98 -35 -49 -7 -33 -67 -82 -82 -11 -58 -66 -97 -3 -26 -9 -39 -69 -30 -40 -38 -46 -49 -7 -23 -27 -5 -20 -51 -40 -50 -9 -83 -46 -54 -56 -33 -48 -28 -93 -42 -95 -26 -60 -38 -49 -41
-67 -68 -29 -30 -15 -51 -16 -88 -5 -18 -1 -1 -68 -50 -73 -51 -52 -87 -77 -34 -47 -61 -64 -79 -45 -8 -6 -77 -40 -64 -40 -73 -85 -18 -32 -47 -84 -70 -42 -91 -59 -39 -88 -33 -91 -51 -69
-32 -77 -37 -31 -22 -23 -73 -65 -63 -19 -46 -22 -55 -38 -31 -62 -95 -52 -80 -47 -11 -74 -53 -62 -36 -78 -80 -23 -29 -65 -97 -60 -25 -48 -75 -40 -70 -86 -48 -65 -66 -89 -64 -40 -86 -10
-5 -70 -1 -84 -86 -8 -75 -75 -64 -34 -85 -100 -49 -63 -70 -20 -99 -47 -61 -100 -96 -54 -52 -47 -39 -62 -34 -15 -34 -4 -95 -24 -69 -8 -77 -83 -30 -51 -61 -2 -91 -2 -66 -37 -64
-5 -68 -12 -48 -48 -36 -94 -7 -47 -83 -79 -98 -8 -48 -87 -95 -78 -86 -96 -6 -25 -59 -86 -74 -36 -67 -35 -67 -98 -14 -16 -94 -89 -38 -16 -82 -92 -1 -54 -33 -96 -10 -94 -13
-42 -18 -31 -100 -75 -56 -51 -64 -22 -4 -57 -99 -32 -81 -52 -1 -46 -55 -86 -38 -86 -24 0 -31 -71 -71 -55 -63 -34 -57 -66 -63 -2 -69 -48 -94 -44 -48 -58 -49 -64 -59 -37
-11 -60 0 -22 -70 -46 -53 -99 0 -89 -58 -75 -62 -18 -76 -79 -22 -72 -52 -69 -33 -81 -75 -10 -20 -32 -40 -62 -39 -86 -94 -79 -27 -39 -42 -13 -35 -36 -96 -52 -42 -42
-52 -6 -57 -30 -40 -52 -57 -71 -57 -65 -73 -97 -34 -63 -71 -70 -76 -6 -53 -12 -86 -66 -42 -94 -16 -51 -30 -10 -4 -63 -16 -28 -2 -58 -9 -21 -76 -29 -5 -21 -35
-41 -19 -11 -13 -98 -54 -36 -57 -95 -1 -59 -68 -9 -49 -32 -19 -85 -18 -17 -87 -52 -89 -97 -36 -86 -18 -73 -24 -46 -25 -22 -70 -45 -98 -39 -19 -3 -57 -32 -30
-65 -12 -10 -81 -58 -26 -2 -72 -97 -10 -42 -14 -27 -46 -6 -17 -89 -95 -55 -77 -75 -26 -56 -19 -9 -30 -47 -91 -25 -40 -45 -9 -72 -29 -39 -59 -8 -48 -11
-24 -59 -94 -72 -38 -98 -90 -94 -63 -19 -76 -93 -67 -12 -36 -30 -79 -88 -99 -82 -66 -31 -1 -15 -88 -21 -33 -9 -38 -98 -87 -69 -42 -63 -6 -42 -48 -30
-46 -86 -53 -94 -99 -27 -50 -74 -89 -66 -91 -1 -86 -94 -46 -27 -48 -53 -2 -100 -31 -4 -89 -42 -20 -68 -44 -33 -41 -91 -53 -52 -47 -96 -28 -68 -78
-47 -16 0 -18 -59 -2 -39 -89 -73 -12 -48 -98 -47 -50 -82 -93 -9 -38 -79 -62 -19 -34 -72 -70 -72 -29 -2 -4 -38 -41 -86 -7 -8 -64 -87 -26
-46 -79 -29 -44 -7 -57 -35 -34 -87 -12 -52 -19 -21 -35 -57 -96 -55 -54 -33 -91 -25 -72 -22 -28 -79 -99 -47 -65 -45 -92 -65 -10 -42 -56 -19
-28 -35 -36 -12 -39 -69 -27 -82 -33 -5 -1 -96 -8 -37 -24 -81 -80 -10 -41 -38 -81 -35 -19 -76 -59 -84 -58 -40 -35 -57 -46 -17 -97 -47
-78 -3 -73 -21 -27 0 -6 -82 -13 -7 -8 -23 -42 -53 -27 -31 -75 -29 -59 -74 -22 -44 -80 -47 -75 -32 -42 -100 -79 -1 -49 -25 -24
-92 -13 -84 -88 0 -5 -59 -90 -69 -61 -84 -95 -74 -99 -49 -5 -12 -28 -88 -33 -7 -78 -66 -82 -8 -79 -94 -60 -13 -84 -98 -80
-5 -82 -66 -100 -21 -64 -97 -82 -83 -38 -85 -24 -96 -64 -93 -41 -41 -61 -28 -56 -82 -18 -4 -83 -47 -56 -14 -8 -19 -39 -89
-6 -11 -26 -30 -41 -59 -44 -5 -83 -84 -7 -35 -85 -31 -71 -99 -26 -45 -37 -13 -40 -74 -99 -36 -16 -6 -41 -85 -92 -70
-16 -85 -49 -1 -81 -89 -65 -85 -11 -64 -13 -98 -44 -81 -35 -100 -19 -18 -56 -91 -77 -53 -94 -98 -82 -69 -34 -56 -35
-82 -34 -92 -51 -4 -71 -18 -26 -3 -79 -25 -16 -25 -70 -33 -69 -56 -89 -56 -66 -54 -14 -19 -24 -100 -39 -72 -99
-21 -42 -21 -57 -20 -92 -20 -93 -10 -7 -16 -41 -38 -37 -28 -57 -42 -94 -100 -18 -53 -100 -81 -1 -79 -26 -49
-1 -26 -52 -91 -64 -58 -70 -30 -22 -74 -43 -29 -30 -84 -74 -43 -79 -68 -37 -93 -23 -99 -11 -4 -98 -92
-79 -69 -44 -37 -48 -62 -80 -42 -26 -88 -79 -84 -8 -33 -59 -53 -40 -15 -50 -35 -74 -99 -44 -52 -79
-62 -46 -94 -69 -16 -4 0 -32 -46 -73 -69 -66 -44 -45 -17 -26 -70 -20 -25 -21 -5 -19 -31 -8
-44 -2 -87 -23 -79 -53 -40 -24 -62 -24 -5 -92 -79 -35 -25 -21 -21 -56 -96 -66 -20 -47 -68
-16 -10 -81 -39 -72 -79 -82 -5 -92 -34 -56 -14 -73 -47 -81 -31 -31 -7 -88 -87 -25 -37
-32 -51 -43 -14 -3 -38 -48 -12 -30 -77 -100 -42 -32 -44 -25 -69 -49 -8 -43 -52 -27
-2 -100 -44 -94 -80 -64 -3 -30 -78 -29 -1 -84 -25 -31 -75 -47 -39 -97 -46 -80
-33 0 -95 -30 -90 -33 -99 -1 -74 -60 -20 -80 -53 -7 -21 -93 -57 -86 -87
-58 -53 -48 -18 -15 -92 -48 -19 -79 -60 -94 -93 -15 -50 -43 -67 -16 -20
-62 -88 -1 -54 -2 -72 -34 -7 -14 -58 -69 -53 -81 -81 -68 -6 -100
-22 -39 -88 -55 -84 -76 -95 -55 -62 -82 -41 -96 -39 -49 -54 -62
-24 -39 -78 -44 -24 -11 -95 -57 -50 -43 -98 -5 -30 -35 -11
-49 -35 -1 -18 -59 -24 -38 -74 -38 -92 -38 -71 -78 -34
-99 -81 -13 -92 0 -8 -98 -64 -10 -56 -69 -63 -14
-50 -88 -9 -15 -60 -47 -9 -94 -69 -92 -22 -80
-29 -13 -24 -12 -56 -54 -7 -87 -100 -93 -19
-67 -66 -87 -48 -67 -24 -31 -67 -59 -7
-43 -87 -33 -19 -20 -81 -85 -26 -76
-71 -2 -99 -21 -87 -73 -92 -73
-29 -24 -36 -55 -97 -28 -41
-93 -5 -92 -90 -2 -99
-3 -65 0 -61 -82
-47 -53 -57 -13
-1 -53 -9
-2 -100
-7
