50
4 4 4 4 4 4 4 4 4 4 4 4 4 4 4 4 4 4 4 4 4 4 4 4 4 4 4 4 4 4 4 4 4 4 4 4 4 4 4 4 4 4 4 4 4 4 4 4 4 4
1 2 3 4
5 6 7 8
9 10 11 12
13 14 15 16
17 18 19 20
21 22 23 24
25 26 27 28
29 30 31 32
33 34 35 36
37 38 39 40
41 42 43 44
45 46 47 48
49 50 1 2
3 4 5 6
7 8 9 10
11 12 13 14
15 16 17 18
19 20 21 22
23 24 25 26
27 28 29 30
31 32 33 34
35 36 37 38
39 40 41 42
43 44 45 46
47 48 49 50
1 2 3 4
5 6 7 8
9 10 11 12
13 14 15 16
17 18 19 20
21 22 23 24
25 26 27 28
29 30 31 32
33 34 35 36
37 38 39 40
41 42 43 44
45 46 47 48
49 50 1 2
3 4 5 6
7 8 9 10
11 12 13 14
15 16 17 18
19 20 21 22
23 24 25 26
27 28 29 30
31 32 33 34
35 36 37 38
39 40 41 42
43 44 45 46
47 48 49 50
30 19 8 -13 -96 -80 -88 10 -77 -68 45 72 -43 22 -29 63 92 -4 -85 -13 -15 61 32 53 62 20 65 46 82 2 -53 97 -93 64 -7 -47 17 75 56 43 -48 -90 16 42 -14 -96 15 -64 58 89
35 -82 -5 30 99 1 -28 54 -1 -59 61 -7 2 39 62 -81 17 -24 -78 76 100 -67 93 -78 89 -30 80 -81 -82 41 -1 -38 -53 -31 -46 11 50 7 -22 7 38 -79 56 -26 29 7 -13 51 -96
15 98 13 34 -47 70 -94 60 87 -18 29 17 -48 -34 -18 1 89 74 65 -88 58 -94 74 -1 -59 -67 33 -71 12 -3 78 -35 24 47 -6 47 39 24 31 -46 -89 -16 77 -81 -91 94 33 -36
-72 -44 61 -71 59 63 84 -92 72 -9 -64 -30 -57 1 -95 58 37 73 6 0 -5 -81 71 47 14 69 90 -46 98 96 17 100 -54 71 21 58 -14 -92 -27 -25 -87 61 60 70 -14 -27 35
67 -14 -70 -84 -57 53 51 -54 -89 -50 50 -19 -91 19 -7 -57 -81 67 -98 -46 38 -27 -1 -48 -92 -94 41 -100 -71 20 -4 24 -80 52 -89 25 -3 88 -55 24 -55 10 -96 37 37 -22
-65 51 -46 -69 96 75 -51 72 -26 -48 -80 -91 5 30 -16 -62 47 -74 -53 82 -94 19 -48 -22 -63 91 -29 -25 96 -54 -81 -5 56 -16 -56 -48 52 -39 -51 33 -22 36 -68 -28 63
-74 -57 -3 -66 -67 -96 81 35 33 -3 -80 -1 25 58 -79 22 5 39 47 -99 11 -62 -86 -52 39 -34 -50 -69 51 -9 6 50 44 -62 -71 18 37 91 72 -93 54 -50 -90 7
93 91 77 -78 26 67 1 -32 55 12 59 5 4 -98 79 -58 70 46 -59 80 -78 35 53 -16 -4 -14 93 62 10 -19 53 -99 14 -75 0 -39 50 37 80 -54 44 18 75
64 97 -5 -74 -54 -19 50 -45 -47 -56 -99 18 -10 86 -56 -23 -85 40 14 -17 11 -56 3 -91 43 31 -19 99 93 -98 83 35 21 -57 -30 -45 -81 48 -52 -10 -93 -32
9 83 52 93 -43 -63 -69 -1 -100 61 -22 89 64 -47 100 26 89 -99 82 30 65 7 -17 55 43 61 60 -25 95 -51 -51 -39 45 -80 13 -57 15 -90 -63 -76 -54
-8 -98 -87 13 -86 88 44 -80 29 14 -32 88 -1 -87 5 -94 -39 -38 -19 -15 52 -96 -8 99 50 33 28 -75 -58 -90 30 100 -15 23 -80 40 -8 -71 47 34
-25 8 -9 -29 16 -100 -1 33 97 73 70 2 -87 -49 52 -81 -81 -83 -55 10 -63 -81 -60 25 -83 -26 78 71 11 -56 -55 53 18 24 45 -64 -7 -25 -89
-44 66 -23 -87 -52 -54 53 -53 -95 64 81 -34 62 14 -39 -71 60 73 -17 37 -33 -9 -99 -51 55 -9 55 -67 48 -21 -77 -51 -31 -8 -34 -32 -49 87
-7 1 -22 -58 56 -3 5 -58 80 -30 29 -94 85 -41 43 37 -33 -29 51 -66 -10 -63 -96 3 -23 -25 40 80 53 54 96 -67 9 81 -41 -23 97
5 -100 63 -91 27 -100 23 -26 69 -7 87 -40 -32 -33 -81 86 -4 -78 97 -49 -95 80 30 57 -84 57 -36 -68 -23 87 -67 14 -54 1 74 -75
-66 62 -95 33 -50 5 56 8 -54 85 -74 -71 -62 33 69 -52 99 25 -69 -81 -31 74 42 -8 -33 96 -96 -25 -79 -23 12 -95 -58 -11 1
61 -69 90 -12 -4 52 -28 27 90 -21 76 85 -63 38 -20 83 93 96 43 -16 40 -38 -22 -92 73 56 46 70 16 92 -59 -28 0 -40
30 83 -81 -79 33 -96 -42 27 15 -49 -1 55 6 -33 -37 -76 -24 41 24 -62 -12 90 -80 -77 -73 7 -68 -68 -21 -6 20 -57 -76
-22 45 -3 -75 33 -86 -77 -13 -99 -97 -3 -10 16 16 -36 -92 -3 -70 -63 -54 -40 89 -3 -91 -31 -84 12 -66 -52 95 -68 -12
84 68 47 1 -11 48 -64 -34 -59 -42 -30 11 89 54 -16 -35 -39 -16 -22 -18 47 14 -84 -50 -17 90 28 -45 79 -54 16
90 -40 -39 40 -8 12 -91 80 28 -64 72 31 -2 5 16 -85 -78 6 56 2 -7 -35 86 -45 50 -95 -31 -42 61 5
-35 42 -84 33 -38 93 52 -20 41 69 1 -89 -32 -60 -73 -72 -16 -88 -74 96 -98 -67 58 76 38 -39 76 -16 -35
-21 -62 -63 29 20 -55 -62 -19 76 -90 -45 68 38 67 27 57 -64 94 36 -2 96 -45 -19 8 -70 -68 85 -82
-94 -17 -79 -81 -49 52 -46 -54 -35 20 2 -81 85 -66 -75 -62 -7 90 35 13 20 100 -94 76 26 92 -93
97 62 -90 -54 5 -97 81 65 17 6 22 -11 -15 -33 5 36 -55 50 73 65 -62 -88 -9 63 -96 73
81 -29 -18 -66 -91 88 93 50 -87 53 -3 22 21 -82 -15 -63 6 -4 68 11 -37 93 13 44 -19
60 100 -70 -1 -71 99 39 9 48 69 35 -87 57 -31 82 -81 -15 -71 84 -2 -46 61 -88 22
71 33 -48 -7 43 47 38 -88 -83 68 44 61 -50 89 6 -21 -14 -35 -25 -94 23 -88 -30
92 -93 -60 45 71 12 94 48 31 74 -78 82 -6 -46 94 -14 63 85 30 70 34 14
-51 -15 41 17 84 16 -44 -41 -97 -26 -77 90 46 84 -91 4 77 23 -70 -94 -67
-33 6 30 25 70 26 -83 87 -33 33 35 -28 -58 -20 -65 87 46 -9 -96 65
3 -19 79 -12 43 -23 -61 13 -55 -83 71 68 -70 80 -70 -25 -78 -29 25
-70 -88 -81 95 65 35 48 -14 -5 93 -61 -77 88 83 -63 -72 -66 41
20 -79 5 -10 -67 -43 96 -72 -87 -16 60 92 -13 -57 34 -55 -46
-22 50 2 -33 -34 83 84 59 4 92 -49 52 -39 -8 -41 53
26 10 47 -52 -92 90 48 19 83 -89 -23 73 -8 42 0
-32 46 -86 66 96 48 -52 -39 64 -52 -97 65 61 47
-12 1 0 52 -40 89 83 13 96 -55 8 69 17
-88 11 44 -44 56 -19 69 73 -72 37 33 19
94 -89 84 86 -22 2 33 -77 -81 83 -88
-78 26 71 -72 45 37 83 42 92 12
31 70 -79 50 -51 81 23 53 -37
99 -87 -50 -66 -40 -3 91 -57
-3 -60 -18 -19 -50 -33 -4
-4 9 5 5 -9 1
-83 99 0 88 20
-30 -41 -2 24
19 18 -10
55 81
-65
