50
8 7 8 2 10 2 5 10 1 3 3 9 6 3 5 4 3 5 4 8 5 6 9 3 10 1 5 10 8 8 10 9 7 6 4 7 1 6 7 8 1 1 6 4 7 7 7 4 3 5
13 25 1 6 12 18 47 15
20 4 40 16 34 50 35
41 45 32 29 26 2 22 16
46 4
27 36 31 40 35 38 33 17 47 30
25 33
1 8 49 11 36
36 22 13 35 20 2 50 39 15 3
2
30 15 32
37 39 3
2 16 24 21 45 15 8 28 48
45 39 35 18 9 50
26 48 19
32 16 12 25 30
13 35 5 27
49 1 4
43 40 25 47 27
35 14 22 23
14 42 50 17 20 1 5 37
41 42 28 34 11
47 46 11 38 30 10
14 19 10 31 30 15 47 21 37
41 17 1
7 22 48 27 25 26 34 31 21 40
16
8 9 21 50 44
2 28 12 36 24 9 49 20 27 17
9 26 28 7 23 41 39 46
3 38 37 40 10 26 31 18
6 36 22 13 35 45 48 40 39 20
22 46 2 16 9 47 29 19 32
32 50 11 28 25 14 23
43 45 22 37 8 17
44 15 31 3
17 21 29 8 6 19 36
3
20 26 37 9 45 34
48 35 50 38 19 30 11
15 29 48 28 47 37 26 45
34
40
8 22 26 25 32 3
26 2 39 47
38 37 46 32 13 12 33
37 40 27 20 39 25 10
27 24 12 10 47 26 43
20 8 3 24
40 17 32
21 16 47 50 24
-55 -66 -84 -45 -25 -94 -68 -10 -60 -50 -98 -94 -64 -28 -91 -11 -97 -30 -65 -13 -81 -36 -73 -61 -87 -75 -70 -4 -68 -20 -90 -39 -60 -76 -85 -61 -86 -5 -65 -74 -42 -90 -37 -61 -91 -44 -75 -80 -94 -93
-10 -57 -27 -56 -47 -68 -35 -6 -17 -42 -93 -6 -60 -21 -88 -26 -91 -20 -23 -21 -48 -59 -9 -92 -67 -87 -8 -89 -58 -86 -96 -74 -85 -22 -93 -2 -17 -49 -28 -95 -24 -28 -42 -91 -14 -87 -92 -64 -62
-62 -81 -66 -12 -11 -35 -35 -41 -90 -28 -68 -39 -24 -93 -17 -56 -71 -5 -80 -74 -39 -14 -24 -99 0 -30 -43 -9 -87 -31 -1 -9 -44 -27 -24 -97 -12 -31 -22 -24 -2 -34 -12 -99 -36 -51 -73 -89
-86 -67 -88 -70 -36 -64 -59 -50 -21 -30 -32 -12 -65 -85 -6 -3 -62 -100 -67 -80 -9 -12 -70 -68 -78 -67 -90 -7 -37 -23 -76 -3 -1 -22 -90 -18 -64 0 -25 -15 -27 -5 -75 -16 -63 -1 -43
-25 -32 -21 -78 -52 -96 -1 -85 -32 -99 -54 -3 -15 -53 -82 -2 -33 -74 -81 -83 -97 -86 -94 -9 -32 -52 -24 -7 -43 -96 -58 -72 -2 -35 -49 -35 -45 -68 -21 -34 -22 -65 -79 -54 -27 -59
-83 -30 -3 -83 -38 -74 -47 -30 -32 -60 -76 -82 -50 -26 -46 -51 -26 -36 -30 -92 -99 -98 -14 -20 -24 -10 -78 -92 -54 -31 -47 -91 -38 -91 -59 -55 -96 -27 -10 -74 -94 -34 -81 -64 -84
-83 -70 -36 -86 -97 -75 -71 -40 -92 -17 -70 -81 -13 -19 -94 -46 -99 -41 -51 -22 -88 -78 -63 -26 -39 -83 -83 -81 -37 -49 -16 -48 -6 -23 -25 -11 -39 -1 -67 -67 -58 -67 -42 -4
-56 -67 -68 -50 -60 -40 -64 -90 -15 -96 -31 -52 -22 -80 -3 -63 -33 -78 -84 -67 -87 -44 -17 -82 -46 -49 -47 -44 -57 -44 -68 -60 -68 -54 -65 -65 -22 -37 -6 -18 -25 -66 -42
-30 -5 -7 -15 -89 -3 -44 -6 -46 -27 -96 0 -8 -72 -23 -74 -46 -72 -53 -70 -41 -26 -41 -65 -93 -65 -66 -61 -10 -31 -44 -99 -6 -19 -50 -32 -27 -22 -2 -34 -56 -94
-77 -42 -85 -1 -38 -65 -5 -87 -14 -38 -56 -40 -45 -62 -58 -74 -96 -45 -83 -78 -29 -28 -49 -80 -89 -16 -85 -32 -14 -20 -81 -91 -61 -94 -73 -1 -57 -37 -17 -72 -17
-8 -13 -42 -81 -23 -97 -42 -97 -52 -5 -56 -23 -85 -22 -73 -16 -3 -77 -5 -76 -15 -50 -30 -75 -27 -39 -89 -87 -36 -22 -5 -71 -57 -20 -65 -11 -85 -98 -87 -82
-58 -80 -89 -12 -54 -21 -58 -35 -72 -68 -49 -70 -89 -98 -16 -91 -10 -86 -49 -55 -94 -95 -65 -63 -20 -13 -83 -49 -57 -64 -81 -66 -33 -40 -5 -66 -68 -76 -30
-96 -13 -5 -64 -46 -90 -20 -65 -5 -45 -49 -54 -53 -66 -85 -25 0 -47 -99 -77 -86 -61 -94 -5 -54 -93 -74 -99 -92 -51 -45 -96 -55 -47 -92 -37 -3 -28
-41 -28 -72 -38 -21 -76 -94 -71 -28 -97 -20 -9 -75 -39 -73 -34 -22 -18 -1 -22 -27 -96 -70 -83 -57 -15 -93 -42 -55 -94 -13 -23 -53 -79 -78 -44 -95
-8 -24 -2 -65 -49 -90 -1 -96 -11 -21 -33 -50 -100 -48 -43 -89 -65 -23 -87 -36 -71 -98 -25 -8 -49 -21 -80 -39 -53 -10 -43 -60 -47 -79 -35 -78
-19 -60 -13 -91 -100 0 -23 -42 -60 0 -68 -38 -58 -37 -60 -7 -30 -23 -15 -35 -75 -80 -34 -38 -81 -43 -100 -30 -57 -20 -88 -17 -47 -57 -67
-91 -92 -76 -62 -13 -11 -45 -89 -64 -34 -34 -91 -37 -91 -64 -23 -89 -99 -9 -8 -80 -27 -19 -59 -33 -77 -13 -29 -79 -14 -53 -41 -34 -92
-22 -70 -76 -6 -6 0 -20 -25 -69 -66 -61 -91 -20 -2 -28 -17 -22 -10 -84 -18 -32 -89 -6 -75 -67 -45 -20 -95 -70 -85 -32 -53 -54
-67 -38 -17 -53 -32 -20 -43 -76 -31 -60 -48 -72 -48 -79 0 -57 -88 -26 -20 -75 -36 -74 -1 -99 -74 0 -94 -75 -48 -45 -42 -97
-40 -66 -39 -4 -90 -18 -45 -11 -21 -44 -59 -16 -58 -25 -11 -30 -98 -33 -28 -59 -14 -25 -89 -12 -47 -29 -46 -15 -9 -80 -85
-39 -32 -63 -92 -75 -35 -99 -44 -49 -9 -50 -56 -7 -74 -49 -14 -79 -83 -65 -13 -42 -42 -71 -58 -49 -3 -70 -67 -11 -96
-97 -67 -47 -50 -38 -35 -33 -51 -94 -5 -1 -15 -71 -33 -53 -69 -91 -16 -66 -24 -50 -26 -100 -31 -87 -61 -31 -99 -22
-58 -84 -59 -92 -81 -37 -18 -26 -67 -50 -73 -74 -1 -20 -23 -15 -2 -21 -74 -72 -44 -21 -72 -63 -64 -3 0 -50
-76 -48 -99 -94 -73 -23 -77 -64 -40 -10 -75 -66 -22 -52 -4 -75 -18 -81 -23 -70 -64 -79 -87 -79 -56 -85 -86
-65 -19 -82 -83 -73 -90 -85 -77 -30 -53 -57 -88 -30 -56 -60 -10 -29 -94 0 -60 -96 -13 -67 -88 -97 -64
-88 -27 -57 -77 -17 -12 -47 -3 -98 -99 -1 -35 -4 -65 -45 -48 -2 -56 -61 -39 -74 -51 -75 -81 -54
-42 0 -2 -67 -59 -53 -29 -57 -20 -9 -24 -19 -24 -10 -63 -75 -65 -48 -71 -87 -92 -5 -36 -91
-74 -100 -6 -94 -16 -94 -63 -31 0 -76 -90 -31 -63 -43 -67 -56 -3 -65 -99 -70 -6 -3 -48
-38 -83 -31 -46 -77 -25 -2 -9 -13 -53 -1 -5 -71 -50 -60 -60 -45 -49 -9 -53 -26 -58
-20 -73 -52 -56 -60 -18 -58 -2 -97 -32 -65 -74 -81 -27 -71 -3 -67 -66 -65 -23 -67
-85 -67 -19 -17 -46 -82 -53 -34 -74 -65 -8 -35 -69 -7 -82 -74 -34 -68 -16 -32
-6 -32 -44 -53 -23 -84 -78 -62 -70 -61 -56 -13 -84 -60 -72 -5 -13 -38 -70
-13 -47 -51 -30 -75 -21 -33 -58 -73 -68 -85 -14 -17 -29 -33 -92 -14 -34
-5 0 -80 -34 -84 -35 -64 -20 -93 -83 -92 -66 -15 -63 -22 -74 -20
-56 -78 -21 -66 -87 -42 -55 -47 -13 -65 -49 -91 -75 -14 -65 -91
-52 -58 -59 -42 -79 -28 -27 -55 -98 -20 -46 -44 -71 -58 -54
-37 -83 -86 -62 -46 -65 -87 -15 -21 -86 -57 -43 -29 -97
-78 -25 -86 -71 -63 -37 -67 -59 -94 -76 -4 -83 -1
-2 -72 -93 -31 -91 -35 -46 -63 -30 -32 -56 -34
-39 -91 -33 -1 -21 -7 -38 -85 -76 -100 -70
-55 -93 -14 -17 -50 -91 -85 -24 -83 -65
-92 -93 -94 -5 -24 -40 -45 -14 -1
-24 -4 -95 -16 -80 0 -53 -39
-69 -65 -70 -62 -19 -44 -88
-2 -61 -99 -93 -56 -72
-91 -23 -53 -17 -13
-71 -59 -45 -82
-94 -12 -73
-78 -10
-13
