200
4 4 4 4 4 4 4 4 4 4 4 4 4 4 4 4 4 4 4 4 4 4 4 4 4 4 4 4 4 4 4 4 4 4 4 4 4 4 4 4 4 4 4 4 4 4 4 4 4 4 4 4 4 4 4 4 4 4 4 4 4 4 4 4 4 4 4 4 4 4 4 4 4 4 4 4 4 4 4 4 4 4 4 4 4 4 4 4 4 4 4 4 4 4 4 4 4 4 4 4 4 4 4 4 4 4 4 4 4 4 4 4 4 4 4 4 4 4 4 4 4 4 4 4 4 4 4 4 4 4 4 4 4 4 4 4 4 4 4 4 4 4 4 4 4 4 4 4 4 4 4 4 4 4 4 4 4 4 4 4 4 4 4 4 4 4 4 4 4 4 4 4 4 4 4 4 4 4 4 4 4 4 4 4 4 4 4 4 4 4 4 4 4 4 4 4 4 4 4 4
1 2 3 4
5 6 7 8
9 10 11 12
13 14 15 16
17 18 19 20
21 22 23 24
25 26 27 28
29 30 31 32
33 34 35 36
37 38 39 40
41 42 43 44
45 46 47 48
49 50 51 52
53 54 55 56
57 58 59 60
61 62 63 64
65 66 67 68
69 70 71 72
73 74 75 76
77 78 79 80
81 82 83 84
85 86 87 88
89 90 91 92
93 94 95 96
97 98 99 100
101 102 103 104
105 106 107 108
109 110 111 112
113 114 115 116
117 118 119 120
121 122 123 124
125 126 127 128
129 130 131 132
133 134 135 136
137 138 139 140
141 142 143 144
145 146 147 148
149 150 151 152
153 154 155 156
157 158 159 160
161 162 163 164
165 166 167 168
169 170 171 172
173 174 175 176
177 178 179 180
181 182 183 184
185 186 187 188
189 190 191 192
193 194 195 196
197 198 199 200
1 2 3 4
5 6 7 8
9 10 11 12
13 14 15 16
17 18 19 20
21 22 23 24
25 26 27 28
29 30 31 32
33 34 35 36
37 38 39 40
41 42 43 44
45 46 47 48
49 50 51 52
53 54 55 56
57 58 59 60
61 62 63 64
65 66 67 68
69 70 71 72
73 74 75 76
77 78 79 80
81 82 83 84
85 86 87 88
89 90 91 92
93 94 95 96
97 98 99 100
101 102 103 104
105 106 107 108
109 110 111 112
113 114 115 116
117 118 119 120
121 122 123 124
125 126 127 128
129 130 131 132
133 134 135 136
137 138 139 140
141 142 143 144
145 146 147 148
149 150 151 152
153 154 155 156
157 158 159 160
161 162 163 164
165 166 167 168
169 170 171 172
173 174 175 176
177 178 179 180
181 182 183 184
185 186 187 188
189 190 191 192
193 194 195 196
197 198 199 200
1 2 3 4
5 6 7 8
9 10 11 12
13 14 15 16
17 18 19 20
21 22 23 24
25 26 27 28
29 30 31 32
33 34 35 36
37 38 39 40
41 42 43 44
45 46 47 48
49 50 51 52
53 54 55 56
57 58 59 60
61 62 63 64
65 66 67 68
69 70 71 72
73 74 75 76
77 78 79 80
81 82 83 84
85 86 87 88
89 90 91 92
93 94 95 96
97 98 99 100
101 102 103 104
105 106 107 108
109 110 111 112
113 114 115 116
117 118 119 120
121 122 123 124
125 126 127 128
129 130 131 132
133 134 135 136
137 138 139 140
141 142 143 144
145 146 147 148
149 150 151 152
153 154 155 156
157 158 159 160
161 162 163 164
165 166 167 168
169 170 171 172
173 174 175 176
177 178 179 180
181 182 183 184
185 186 187 188
189 190 191 192
193 194 195 196
197 198 199 200
1 2 3 4
5 6 7 8
9 10 11 12
13 14 15 16
17 18 19 20
21 22 23 24
25 26 27 28
29 30 31 32
33 34 35 36
37 38 39 40
41 42 43 44
45 46 47 48
49 50 51 52
53 54 55 56
57 58 59 60
61 62 63 64
65 66 67 68
69 70 71 72
73 74 75 76
77 78 79 80
81 82 83 84
85 86 87 88
89 90 91 92
93 94 95 96
97 98 99 100
101 102 103 104
105 106 107 108
109 110 111 112
113 114 115 116
117 118 119 120
121 122 123 124
125 126 127 128
129 130 131 132
133 134 135 136
137 138 139 140
141 142 143 144
145 146 147 148
149 150 151 152
153 154 155 156
157 158 159 160
161 162 163 164
165 166 167 168
169 170 171 172
173 174 175 176
177 178 179 180
181 182 183 184
185 186 187 188
189 190 191 192
193 194 195 196
197 198 199 200
17 -93 79 43 -57 92 82 91 0 19 -62 85 77 5 -85 -87 -7 10 61 -83 -47 -9 18 23 54 -87 -75 21 93 28 24 -41 -60 -28 -51 -10 53 -21 31 -30 -40 -97 87 42 -6 16 55 43 -10 -83 -98 71 55 6 -44 70 73 71 -12 -47 -23 67 53 -12 -2 -31 2 23 47 73 74 58 -60 49 -46 14 -5 -42 56 59 -83 29 -72 -6 46 -46 19 4 0 -31 -99 -45 64 -44 59 -26 79 -58 35 -44 -41 14 59 60 -65 -11 -46 30 -89 77 24 -61 88 53 26 4 -81 -46 45 81 33 -71 -25 -69 -48 55 87 75 54 27 47 -66 92 -8 -13 -98 -65 53 6 -16 -82 44 77 -97 1 -83 -85 -14 -65 46 -47 -77 38 -22 -28 31 100 -84 -48 9 79 -22 -45 74 -13 -30 -89 -15 -95 84 -45 86 -17 8 -62 -27 -56 -4 88 -55 -42 -91 -48 -57 -79 -14 -42 -28 67 33 28 27 -84 90 -63 -40 -51 -65 70 -84
-6 -90 74 87 45 11 -71 18 89 58 -29 -49 -32 -22 80 61 -8 -94 20 43 2 47 -94 16 85 -12 -35 -12 75 -55 -5 78 -1 90 -92 76 31 -91 -22 -94 78 49 52 -44 -32 20 -20 -66 3 -42 39 37 82 53 -69 54 87 -62 -99 83 -29 -42 49 -62 3 -28 -39 29 35 63 69 50 -35 -78 89 -6 -89 -36 9 -56 78 79 -64 -32 -46 47 20 17 49 -85 -64 -2 -9 31 -24 9 86 81 -62 64 -29 21 -89 91 24 75 -9 -76 -41 -15 -10 -36 -98 -58 -74 -20 -49 -83 27 -36 -15 -89 85 -52 99 85 -3 -68 66 -33 -19 -62 -49 84 78 -91 80 66 -96 6 83 -38 -11 -38 -5 -25 8 2 99 93 -89 -39 -96 -96 29 -31 43 -22 70 31 -14 -33 -17 52 -96 1 93 -12 17 -91 -30 43 86 43 81 -13 84 39 14 87 40 71 23 15 -83 98 47 -30 -92 91 -91 6 -24 -39 -25 37 -87 1 5
-17 -76 58 35 35 -69 -22 80 -68 -6 -51 -98 48 24 40 79 91 -8 70 -92 73 14 50 -61 40 -95 -66 58 -85 -79 -77 -53 82 -70 -14 41 18 -11 88 -37 10 -44 25 21 93 -50 -57 -45 -87 4 85 -84 -25 -57 -41 25 -18 69 -30 52 98 -20 -14 92 -16 -94 56 27 69 90 -78 -64 -61 45 48 -44 69 89 22 30 39 78 7 69 85 8 41 90 50 -43 24 64 51 26 -80 -28 -64 -10 -19 -79 77 -63 -65 24 19 77 92 -60 -68 98 -68 31 -95 -30 22 -37 35 -71 -97 -16 65 -60 28 -48 -96 -38 60 -27 -7 -33 -73 -15 -86 74 -96 -83 -9 -45 44 86 65 88 8 -84 -42 -3 -33 72 6 -79 -19 37 30 -100 13 -81 -47 74 73 -5 -67 -9 -64 -91 -47 16 -95 72 8 -58 48 -43 -73 -42 16 -10 -23 25 -65 -16 94 98 -23 31 -57 -89 31 -91 81 47 39 2 2 85 18 -20 -36 -51
12 -56 18 43 51 21 -3 53 -16 76 -16 11 83 -8 -6 33 -58 29 -45 68 -18 -85 -60 54 -72 73 -46 38 45 -4 42 -44 27 19 -59 -66 92 -88 -35 -34 -79 51 73 -40 96 -43 19 66 -85 -51 32 69 -8 30 63 93 29 6 40 76 -37 18 42 -51 -29 -32 31 -42 -20 -19 -64 59 -60 89 -76 3 87 -6 -85 -15 -3 -92 91 -65 8 -57 54 92 35 8 52 -43 4 20 68 -28 39 -34 -91 79 81 41 37 36 -38 85 -49 -100 28 10 -76 -10 45 -94 -98 -63 82 -63 -84 21 -16 71 -35 36 -56 42 9 6 -4 2 -56 68 -21 54 -46 20 84 33 99 11 2 11 8 39 -41 -17 67 26 10 -67 87 20 -80 71 -82 -77 -89 51 -77 -72 30 75 85 -61 -18 0 -31 16 -89 31 43 75 -81 -55 -46 73 37 -20 64 65 12 -4 -77 -59 57 -25 -3 -62 -85 1 -91 -28 9 28 -96 -8 -44
20 -21 64 -62 -74 -72 -86 -87 4 -47 -53 10 -17 67 89 41 -49 76 75 66 97 -79 -63 48 -9 100 -6 27 -94 27 -33 7 -61 20 -87 -87 14 39 -3 -2 -57 -42 -92 -88 -46 0 91 -33 84 -89 -74 60 59 -15 -79 71 13 2 84 80 34 -55 -10 33 33 7 31 69 -3 15 -91 5 30 -36 34 -3 5 -75 -20 90 12 40 -29 57 100 74 80 -59 70 -59 -73 79 10 -79 9 -75 -2 -16 -70 -86 -24 20 13 97 27 -19 49 56 53 -52 18 -51 -10 64 -74 -95 61 -59 -92 -82 -79 -5 72 25 -14 -36 -44 -55 -9 35 -26 -65 -51 9 -73 -76 44 72 100 -7 -11 58 64 62 -57 -62 -76 98 -69 -85 61 -52 7 38 91 -25 -28 6 -69 43 78 96 44 -48 99 -73 88 -7 -100 -95 -38 -75 -96 -89 71 -65 -85 -69 55 85 49 74 -7 -54 65 61 33 60 -57 -8 -4 28 23 9 -56 93
-16 19 -2 92 -71 -36 73 14 -80 48 96 90 -67 -44 30 54 21 -87 78 -60 51 -79 98 -75 -29 63 -60 13 12 -81 2 -61 0 -23 -72 21 84 -61 -15 -24 79 58 -82 23 32 64 39 -81 60 -29 37 6 80 94 -59 4 82 21 42 -98 -39 -28 -52 -87 -23 -58 2 16 -60 92 -53 94 -21 -53 72 -83 43 -76 -88 -25 -48 76 -53 84 45 -77 20 32 -98 -90 -26 -95 37 -21 79 56 61 -71 81 -72 -44 67 -2 72 -35 80 -24 98 49 47 15 -61 76 -16 37 32 -31 76 -17 64 65 -76 61 -61 -6 100 67 -67 -58 4 29 63 100 48 56 98 51 82 31 74 30 -99 24 72 -57 -96 83 -4 83 -48 86 12 39 98 -50 69 -76 35 85 -98 81 75 -40 -46 23 80 90 23 65 -19 -25 -82 89 -49 -43 -72 65 -85 79 25 -11 94 -4 -71 73 -97 -83 1 -10 -52 85 -62 -19 6 46
60 -69 30 -21 42 31 69 3 -39 -93 -70 62 -47 -39 27 -35 86 83 44 -17 -69 12 78 -55 -27 -43 -79 -41 9 -67 43 27 13 -23 97 -81 -98 -25 -22 6 70 -6 54 -65 14 70 -73 7 -77 -2 28 81 67 4 89 19 86 7 -96 57 -6 -5 -68 -78 -54 -31 -37 96 91 -65 -69 37 91 -79 83 20 7 -73 47 12 63 43 -5 81 -80 54 67 47 99 86 -81 -54 40 20 -61 100 -5 84 96 -39 -38 27 -89 -79 -29 -36 85 -17 55 55 -70 66 -78 -80 46 89 -7 -53 71 16 -72 -30 39 30 -54 48 40 27 49 -86 -11 -56 -48 -99 23 -20 -27 1 -53 44 -98 -28 31 -34 30 -51 38 -95 -92 -78 -89 18 41 -43 76 -96 26 83 77 -32 41 -24 11 -23 -100 49 72 36 -7 -93 -83 54 12 -33 -17 33 42 -99 -32 -7 52 -18 -6 -33 78 -3 22 83 33 -44 -61 35 -66 75
74 49 -85 57 52 -28 67 86 -20 55 -76 66 30 -13 -41 29 3 17 -3 -50 -61 31 -57 79 -25 77 -31 -56 21 96 -100 -41 24 -37 -71 -45 20 13 59 -66 -17 -32 -80 -46 67 -21 -41 17 -74 -40 -66 -44 -60 69 59 87 69 -42 26 -30 29 60 -74 34 -11 -49 23 -98 -33 61 47 73 -90 68 -98 -47 60 -48 -67 -44 46 -24 71 -28 -40 100 15 -87 -45 -13 -98 2 37 29 13 19 -10 36 -86 48 -28 -80 -3 -35 -80 -29 -9 -7 -63 -94 -15 26 67 94 -34 -41 -90 -42 -31 -85 -35 -14 -17 -18 -23 -16 53 -75 -67 88 87 82 -70 52 30 24 -48 27 -79 -90 -49 72 -49 12 -69 82 22 7 -48 -27 71 -94 76 26 -48 -26 99 24 -67 19 36 -42 -21 -3 -18 -29 84 0 -5 -47 -54 -65 -63 -49 -2 31 -14 71 -61 -81 57 57 -49 80 -7 97 -8 -51 59 -72 -73 -62 -61
-46 -4 47 71 -64 -60 -100 68 -70 -68 -12 97 -40 -37 -45 -18 -94 84 -66 -85 71 99 53 -74 23 -18 36 -90 -91 -37 2 -77 98 -83 39 14 -19 -41 16 29 20 -75 76 -76 10 91 -57 51 -87 44 -92 33 74 -25 8 -32 26 84 -88 27 69 22 -3 6 65 12 -89 84 47 -33 32 -72 77 -50 -6 74 -98 75 -37 -70 -82 -35 -84 -81 24 -79 -97 75 -33 6 19 76 91 -36 38 79 -81 -50 24 2 -14 -45 -20 47 -93 -38 51 3 58 -5 -44 -37 62 -57 -61 -16 91 72 -21 -24 14 3 99 100 -56 77 7 -97 66 -48 59 69 80 -98 24 -15 -12 -83 21 -53 57 36 -97 -69 -33 22 23 58 79 3 -6 -81 -18 -14 15 35 -42 -25 7 -32 -22 38 7 -25 -67 -92 43 -46 59 11 -33 -96 -3 79 -40 53 42 -63 25 -35 -19 -19 85 32 -47 12 97 -49 72 24 -89 26
-99 -16 47 -96 -99 44 -85 26 13 -40 60 -96 -38 -91 49 5 -62 -23 78 13 2 -13 59 18 6 46 41 66 -18 60 13 -86 -60 -16 -8 63 -94 68 28 -38 35 -5 62 -74 42 -39 54 -85 -26 12 -32 57 53 47 -86 84 -100 -23 -77 60 -16 62 -29 -36 -61 83 -35 35 -7 -23 -100 96 -5 -64 78 93 -69 -93 57 -38 -96 -74 -66 90 8 -86 71 -66 -32 -11 60 73 -41 6 -25 -69 -86 -69 -88 -77 -8 77 6 37 67 36 -83 1 -17 -12 46 9 -73 -49 -14 -27 11 -37 68 -44 13 99 70 6 -20 -59 -19 -50 93 -23 53 -83 29 2 84 -76 -30 -63 -18 -89 71 -2 -39 56 46 85 62 11 -83 84 -2 -18 45 88 -33 -78 -21 10 21 -72 -56 41 -77 -95 80 28 -14 63 65 58 68 90 58 90 -30 3 27 -73 -46 92 59 71 82 87 -17 -46 -46 4 -64 -5 53
-10 52 -39 51 52 -13 -68 7 17 -60 -7 59 86 -34 54 -52 31 -52 -51 83 62 -91 22 -3 -78 93 -99 -43 45 -6 -28 89 18 55 40 -40 -10 9 -36 24 -97 -96 -58 -67 52 -31 90 -16 -40 81 -89 10 -92 55 -36 -21 89 44 93 -5 95 -39 -66 54 -14 69 -83 -36 -86 -85 -64 49 -77 22 18 -69 42 84 -7 22 -83 98 19 88 -65 57 -50 85 87 49 -82 -39 -52 10 1 70 73 -45 -74 68 23 -33 93 -56 -27 61 0 76 19 -45 64 27 -51 88 -91 80 -15 38 -65 9 -46 85 93 -45 49 83 -84 -48 -21 -2 97 17 -88 -27 44 -83 33 -23 50 15 54 -86 0 -21 98 -35 29 23 -89 47 -1 55 71 -42 3 -23 91 -64 -68 58 29 -1 -91 3 10 47 86 58 83 -17 -52 11 -76 -91 92 -3 -2 8 12 -56 75 83 -7 13 -27 45 21 -81 79 -83
84 22 -42 -35 -32 -81 -30 56 80 -2 -49 -42 -85 93 16 -5 32 47 93 -16 -74 71 1 5 81 -56 -17 -71 -75 -97 -75 13 -82 38 10 -37 -79 -100 65 -22 93 55 81 -62 -99 -19 65 17 -23 -46 77 -54 -89 9 88 82 -11 92 -78 61 -62 75 47 -19 -53 33 11 39 27 -44 -50 -76 30 -21 -7 -5 3 -60 10 33 84 88 -50 82 21 13 12 -83 78 6 92 -39 -46 58 53 34 -66 -28 27 -47 16 -33 -3 -71 -18 29 73 -79 -75 -66 92 63 -23 84 -40 -82 63 63 89 -20 -45 20 -26 -6 -42 -80 -22 -50 -79 -2 2 -46 43 -63 92 89 -25 84 67 -82 65 94 98 -97 -41 -11 -80 -8 62 62 98 -99 -52 -23 -66 -57 -69 46 -40 -48 -53 14 -79 -60 4 -20 12 -71 -25 100 -14 -98 -100 -46 97 95 50 23 78 19 52 -28 -36 37 53 41 -14 -81 -7
-46 93 -43 -50 -58 13 30 -66 -53 -3 83 -36 -22 18 22 -50 -84 62 7 -27 40 66 76 10 -21 49 -75 -20 75 -80 15 19 86 27 74 -18 -13 -25 76 -5 -6 55 -24 83 100 -67 -75 97 -34 57 -11 -62 7 -32 -40 -88 -6 -30 -97 -18 94 -72 79 96 62 49 54 -36 -39 69 32 -31 43 -35 91 -97 -84 -13 5 -74 -36 -8 74 71 61 -67 36 18 77 -99 62 -77 6 -60 18 51 -12 -9 -91 -46 -71 70 57 -88 57 -64 61 -16 56 -54 -46 89 -5 42 0 19 -54 94 36 -61 -91 -48 -13 50 -62 -39 -71 -86 -60 -60 -80 -26 78 -87 -23 30 -97 -76 96 -84 72 -45 -92 19 51 -65 -25 13 -29 -65 -29 83 -95 82 -59 -2 50 -28 -20 -74 70 -25 20 -48 -27 58 -92 -5 -88 40 -41 -14 -33 50 30 -36 -30 -95 34 -58 -99 -54 -51 78 23 -36 45 25
29 -93 50 -16 -18 -54 -86 -36 -49 -59 -66 23 32 -33 -64 -92 21 79 -77 -37 17 -74 91 14 15 48 54 4 -72 -12 19 -3 25 -69 53 -10 -58 96 -60 -8 -6 -95 7 -49 25 -56 -17 -16 11 19 24 -89 9 64 65 85 -11 92 51 43 53 19 -3 -51 -5 55 -38 -98 -17 -79 43 -62 -36 -41 11 17 -40 67 -7 -2 20 -20 -71 44 -41 -23 82 -19 64 83 -48 -81 61 -53 -1 41 67 -99 79 -94 -96 36 -20 -98 88 40 -70 16 30 4 -92 28 86 -47 -5 -9 61 75 71 85 97 -5 62 66 17 -65 78 78 -27 -88 57 94 78 -74 -10 -12 85 4 0 55 -13 14 26 40 -56 -90 77 -81 22 8 -70 -1 33 -65 46 -10 -69 -38 90 71 -88 56 39 13 -42 46 -43 -13 -80 34 -72 34 -41 -73 -18 27 -14 -35 -11 19 -52 -17 -91 -69 -22 56 100
65 -62 22 -79 -66 82 -37 78 39 -7 -36 51 0 -8 90 -58 38 -22 -56 -14 50 87 -66 -34 -48 70 81 72 -70 42 -69 -92 72 58 -100 -71 -43 66 -32 -76 78 -40 -77 85 83 -76 -13 -94 96 92 -90 56 14 -40 28 7 50 80 -81 -59 1 -63 56 -25 -88 32 -27 -59 86 -70 -79 28 5 65 63 75 -36 58 93 8 50 -73 93 -78 66 -3 8 -81 35 -27 -9 92 32 -22 -21 -39 78 -42 -75 -9 -63 72 -97 -69 20 67 97 68 86 71 -22 100 74 49 74 91 57 49 73 21 20 66 -77 -3 83 86 75 43 -27 -96 8 -18 59 15 -46 1 -9 -65 -4 -82 0 -20 67 79 12 -90 -64 -11 44 84 28 99 65 -46 90 80 3 64 16 57 -58 -44 -34 41 94 -87 -67 53 81 -94 -67 -8 -10 -11 47 23 13 -30 15 -2 -50 -14 1 -89 11 -90
-30 -79 -13 -31 -67 52 12 -18 -50 -23 76 -18 -41 3 94 16 16 70 -22 85 100 28 -96 -46 87 96 -21 -71 88 -23 63 11 -77 42 -88 2 29 43 43 27 -27 -44 -49 -58 91 -59 -13 -14 54 24 -24 -7 16 16 -69 -28 68 -32 48 -5 20 82 -16 -61 -30 18 4 36 -51 5 -51 -34 -79 9 -73 -85 -75 98 -42 -42 64 -73 -59 90 -77 -89 85 -94 26 -29 -22 -72 -51 35 -26 -25 73 -29 -65 -50 38 9 -3 -70 18 -11 -74 -50 -50 15 96 -67 37 -33 -16 43 -21 -91 19 50 11 -3 -55 11 17 -48 -100 -56 49 25 -33 98 -33 -33 -5 -86 47 97 -26 -39 15 6 -6 -39 87 -95 -31 23 -92 2 39 12 -90 79 83 46 6 -94 68 -38 -70 -70 65 52 -25 -69 22 17 -11 -79 4 3 -52 45 41 31 19 4 -37 20 -66 48 4 -18 -68
-81 -16 -56 64 48 -28 -24 -10 -96 -83 41 -32 -6 66 87 13 53 92 44 -100 77 80 33 -42 7 96 -44 21 69 -6 -99 43 -97 22 -38 91 74 -29 80 33 -96 64 65 -12 50 25 14 -7 84 85 -11 74 75 -10 80 -36 23 -54 -56 -2 32 69 -61 38 -63 -37 -51 10 7 72 -5 -66 -87 -54 -35 49 -74 69 42 -70 73 -12 23 89 73 89 -72 89 -15 55 46 -30 53 86 -94 -28 79 82 -80 74 -17 -50 61 -62 68 41 -43 100 6 56 60 -19 5 42 55 15 10 -3 -37 -8 -17 -27 -99 95 -87 -61 3 63 -49 -98 97 -16 67 96 79 36 -7 -1 -76 -5 -59 62 -100 7 26 14 -11 35 78 -55 91 78 44 -67 -18 -54 57 59 -64 -55 53 90 57 -54 50 -9 -15 2 -82 69 17 44 -4 -37 43 -66 -7 100 16 -86 -6 -42 45 77
80 74 -24 21 57 20 -30 -22 -12 -53 -80 41 99 -4 -81 70 31 -32 16 -76 16 24 59 52 -51 43 -40 -9 96 38 -61 -58 -89 76 -99 -63 38 -66 7 13 -75 64 -72 74 -92 -8 25 50 -60 89 99 -58 -71 -27 -32 49 -25 8 75 -60 7 -98 12 43 -36 63 -89 -57 -97 68 -40 81 -17 -92 -51 10 -52 75 21 85 -17 -31 -97 -33 -97 72 -66 65 19 -3 -7 -77 -42 89 -70 42 -52 30 94 92 10 -17 -39 45 -62 97 -25 -96 -12 -56 31 81 -44 -70 -31 -31 25 85 -89 94 23 71 -95 -87 93 -80 46 -65 -49 -100 -85 -54 -29 -26 60 -44 5 62 1 39 17 -40 87 63 -69 -43 -94 22 95 -65 6 16 24 21 28 82 55 53 -3 -16 49 54 97 -67 -53 9 -53 17 -51 40 1 -3 -94 10 78 -93 -12 -92 -6 31 -67 -87 56
13 33 -99 5 36 -48 39 73 -75 -56 32 58 -87 75 -60 9 41 80 -39 0 -94 43 -48 -55 21 8 -10 94 63 4 -19 -100 -82 58 -96 -66 -19 -73 92 17 6 80 82 91 42 81 10 -24 100 -95 6 -99 43 29 -64 -68 24 -56 68 -51 -49 0 -39 23 19 91 80 44 30 -76 -7 49 74 14 2 74 51 72 -37 26 0 1 -47 68 13 -31 -83 -36 53 24 98 44 19 70 16 16 -82 -73 29 -85 -17 -32 -74 18 -52 51 -74 33 41 -7 38 56 79 -54 -88 -38 -71 86 23 63 76 17 65 96 -55 90 100 -51 55 59 52 -67 -52 -27 -74 26 2 -28 -4 16 100 69 58 35 68 -46 64 0 81 -54 68 72 77 -49 75 34 -6 -86 86 81 17 -49 -35 -7 -14 -56 48 49 49 5 -80 -48 97 90 63 -39 92 33 92 39 -84 -88
-70 100 37 58 -61 71 5 -68 84 -32 -56 36 -82 12 -16 11 -32 23 38 72 3 16 -59 16 -9 97 70 -43 82 -48 -40 34 24 -27 -59 -10 37 55 -11 -55 -83 -98 -22 -33 2 -20 -70 33 10 -40 89 -81 -36 47 44 -72 -21 -48 34 -100 -76 -93 64 -22 -41 22 -21 -29 57 -90 31 50 -53 44 -98 -9 -97 95 -83 58 -45 -4 65 88 -81 30 66 0 46 74 3 59 -40 43 49 99 56 31 -26 87 82 37 -19 51 84 -46 -32 99 -50 56 -42 47 -6 5 -57 -33 32 16 -43 -27 -43 -89 -55 42 -4 64 -5 -94 23 83 71 29 -54 -37 24 -70 68 -70 36 -43 -47 32 97 -71 6 -2 14 -1 -14 33 -71 -1 99 -86 -13 5 -50 -69 -70 -88 -36 98 36 97 25 100 -52 29 46 54 97 69 -67 8 -47 -79 75 -13 61 -4 98
-62 31 0 16 -50 12 -71 -45 82 15 12 -62 -100 -53 16 67 -37 -67 -28 -74 -17 -86 -76 -84 34 39 -32 -23 73 -37 55 4 64 -7 -25 -57 94 64 -33 -25 61 56 41 51 -34 -1 0 58 -42 5 81 42 75 -81 95 -19 96 -83 91 -67 98 12 -33 -88 71 -47 -52 65 3 -51 -64 53 99 -84 88 -80 -94 -83 53 -74 30 79 40 97 76 93 89 30 -63 -22 21 -86 -69 -52 32 64 28 46 -34 71 -50 -4 -22 7 100 83 93 48 59 -5 -72 -69 -44 49 -11 -13 -9 -51 -50 1 -28 -62 91 33 80 36 87 -31 57 -39 35 -67 57 -23 -65 66 -73 -86 63 -92 -63 23 -72 -70 -64 -74 40 56 -37 -97 -78 38 -100 25 32 -97 9 -54 -23 93 54 -46 83 100 -43 61 -7 -37 59 98 -84 81 76 43 -27 5 29 -97 -72 -98
-27 100 -49 41 -41 69 -94 7 -60 -82 33 -72 -12 97 -49 -68 69 58 74 -79 -93 79 26 88 -73 -11 19 -39 -66 19 95 24 -82 -22 27 -14 64 -32 51 16 84 -52 -9 -60 65 -55 88 -89 -58 41 63 -25 54 98 12 21 23 20 8 -14 -70 6 35 63 41 -83 59 46 -6 95 -90 -83 -46 -97 96 89 -54 -40 60 1 2 64 2 75 75 -68 -13 -41 -79 -55 -44 10 -79 31 -97 -77 -14 -100 85 0 -11 41 76 69 38 -77 80 -32 -92 -2 -45 0 59 3 49 -7 70 -11 -66 -5 -41 84 -78 -2 29 -75 -16 -39 36 -41 -10 -47 -30 100 -61 88 85 -42 30 96 52 -30 -20 47 91 -53 -63 58 59 21 -21 27 3 92 -76 -49 -5 12 19 -94 -71 -36 62 18 95 -79 -6 68 6 48 27 -47 -12 -62 48 13 -78 -8 -51
97 61 -25 -20 46 -50 97 -17 -92 63 29 39 80 9 81 -55 -74 -49 -1 63 -95 -57 96 40 96 -10 52 15 80 -16 -70 11 -11 -14 98 36 -95 87 -96 51 99 71 90 -18 -2 80 32 40 -87 -30 -46 23 67 40 98 3 -55 88 77 -19 48 -27 51 -5 34 19 -48 -74 95 59 92 68 29 -38 -69 52 11 74 27 8 67 -99 -68 26 85 76 -37 -19 -4 40 -36 -37 71 53 61 12 80 40 85 96 60 6 40 21 -90 16 76 -49 -88 -73 -28 3 -73 -92 -17 -69 -5 58 -80 -38 19 52 -48 29 -16 -67 -22 80 -83 14 -56 80 67 -89 -91 29 -34 -64 -2 99 -74 -8 34 66 -81 -4 -76 -81 18 -28 -37 69 -86 100 -34 66 -68 -11 -84 76 -75 11 66 -8 52 -41 2 29 -21 -66 -95 -19 -75 -45 -80 -58 81 -35
27 63 33 -48 80 -39 -76 3 82 -75 18 -95 -13 -34 16 -71 -65 81 77 61 3 27 -72 -56 50 28 -67 64 58 31 -72 -80 19 -64 -35 -46 -76 -32 63 -88 -95 -85 100 -68 -31 60 18 39 -24 90 36 84 -98 -70 -38 0 65 82 91 57 54 -42 -39 6 -65 22 -73 -34 44 -75 -12 78 57 -20 6 -94 95 -63 8 -70 -33 -95 -38 91 11 -52 36 -61 79 -71 -92 -47 100 16 -48 7 51 -92 -97 -75 16 10 -76 -16 16 100 -60 15 30 30 71 -14 88 64 2 -12 -18 20 -63 -54 -92 -13 -31 33 -30 99 86 20 30 -74 29 -19 -30 -76 96 2 -25 79 63 -80 -98 -86 39 68 18 -2 -84 44 84 1 -10 36 8 -7 60 43 40 -27 37 -82 -67 53 46 34 -53 23 -49 90 11 -22 37 46 -89 44 66 -58 -35
-40 58 -80 19 -8 -14 80 32 45 18 -11 7 -48 -56 -73 -55 100 -18 55 66 -20 -14 -93 85 40 79 39 -1 37 94 81 62 37 -16 3 -12 2 -88 -36 -75 -95 -36 58 -6 -40 -36 14 -47 -78 -2 -11 -3 36 83 95 47 -43 -57 -22 -2 12 -24 -48 -7 98 89 42 13 47 43 -4 -81 -17 8 -80 -65 70 -10 55 97 52 -31 17 92 -38 91 54 -27 -63 -91 -93 58 45 74 -45 35 -75 92 -31 8 51 37 -24 77 -66 98 -89 62 -73 -95 -74 -74 36 -44 65 14 -16 74 -32 -76 71 95 -2 96 42 -52 -99 21 27 -47 -36 22 24 92 -9 -58 32 -85 9 78 37 -52 21 13 -29 51 84 10 50 -12 -87 99 -35 48 53 3 -52 -43 -23 -73 69 51 -6 -99 98 1 -59 26 95 -88 16 -10 -47 -25 -90 96
-31 -3 -74 -69 65 21 -70 -67 -95 97 -90 -51 -61 9 26 -87 -77 96 85 87 -52 -40 6 15 -37 -32 -8 -21 -30 -45 -62 -45 -97 -28 4 -61 9 -29 -46 88 82 -99 1 6 -4 80 -43 48 28 -57 -49 -62 -34 78 -84 97 87 47 80 99 -30 8 -92 -68 -79 96 -56 45 77 -74 -53 -38 -94 80 -91 97 -83 42 -54 9 -4 -97 48 75 50 41 -39 -33 47 73 -3 -54 73 9 -57 80 9 -82 -58 2 39 73 -48 10 -56 -94 45 -10 13 67 -98 93 -71 62 -78 64 82 -66 85 -56 98 -16 -30 39 -84 -81 79 79 -61 10 89 34 -80 -11 -3 11 39 -83 61 93 33 -28 50 -28 -20 83 90 24 18 67 45 -75 82 54 -82 -17 -33 -26 16 -68 73 -36 -33 -34 -19 -18 -18 -48 52 -11 97 72 81 -78 -94
-94 -15 -56 50 -28 -51 33 77 -69 -4 -41 23 52 76 33 -62 55 55 -52 -25 62 41 -3 -45 -47 96 -34 99 28 10 58 -5 -71 44 13 25 32 84 54 42 15 12 -97 76 -48 -85 -10 14 -5 26 -98 -27 -78 -97 -48 -65 -48 35 -48 -94 -57 23 100 94 -9 47 31 91 -52 38 23 -41 -57 -33 -90 -1 -87 90 -11 80 89 6 -59 36 -53 -98 -27 93 34 -23 60 41 -35 82 82 40 -34 -43 89 4 -21 86 -55 -15 -15 79 -48 -11 22 76 69 -78 15 -18 -1 -88 39 98 21 73 -87 75 50 51 -45 10 -65 -39 57 -18 -69 60 -26 40 -19 35 63 -28 46 -93 71 22 87 -72 10 -19 55 42 30 -53 81 -4 -78 61 -97 27 91 -100 -37 8 45 -95 -80 20 -47 73 -3 0 -28 40 89 98 6 16
49 -100 19 47 41 4 74 -56 32 5 -72 36 85 -1 11 31 51 52 33 -62 76 66 -98 52 -47 31 -5 -36 24 34 -28 6 -83 28 -25 -24 -73 55 -57 48 98 11 -56 -65 45 82 -65 -79 90 10 -9 -19 -59 -30 35 81 0 95 -70 -15 28 -23 -59 40 -1 -2 43 -19 -42 -94 69 -13 97 -76 91 -23 -82 -23 0 71 -66 42 4 9 89 27 63 -37 -65 -18 93 -4 24 -97 -92 -50 49 52 -29 64 71 -9 -53 -28 -19 72 -66 -1 84 12 -3 -23 -20 54 85 -65 -97 -85 -9 94 -44 69 85 -12 13 -84 36 -48 46 55 19 74 70 -17 -32 -63 37 -56 -86 8 -16 22 -91 99 10 83 -85 -34 -36 73 -74 84 -53 -80 66 65 -7 51 30 52 72 11 -67 -26 33 -83 -11 56 -88 1 30 -19 -20
57 -17 71 -52 15 45 80 66 64 8 69 62 92 -62 23 -21 -94 -6 -88 54 36 -78 59 7 66 56 -41 -78 -58 -96 -22 35 -91 -47 46 61 -72 54 -1 5 67 63 85 -94 72 32 -59 -13 82 -16 -94 -80 -89 77 -40 35 63 76 42 44 -17 36 34 -72 100 -16 4 16 27 78 66 97 89 -19 48 15 -45 23 -45 -86 96 6 67 69 10 -36 -88 -60 65 -89 43 -50 89 10 -25 30 85 -44 32 44 82 94 59 -83 89 -38 -82 88 -47 75 -61 -48 -84 13 -10 6 14 83 89 35 -9 -41 -15 -47 26 -48 -23 -68 38 -13 99 -70 -90 -8 75 50 79 -70 -30 -6 30 48 -71 32 -94 -38 4 -34 -87 -77 65 -18 59 16 -13 37 94 79 -7 -8 -31 -19 -26 85 41 90 24 92 -18 47 -87 -11
-2 -46 32 -97 -10 -4 96 54 -71 -44 25 -94 -45 41 9 98 -99 -8 94 23 64 -79 49 -27 -20 -43 88 -36 40 -25 -37 73 -89 -79 -77 80 -44 57 -2 -29 -90 -92 -95 -53 -81 50 57 3 89 52 23 -80 -97 49 65 -40 46 -74 66 -89 21 -51 -2 -51 35 -3 73 36 -73 -92 -35 83 -81 40 -92 53 -94 2 17 73 -57 64 20 -41 -60 28 -34 27 -97 64 -95 -61 -100 74 -26 15 -95 63 77 94 71 21 90 3 -97 -32 96 55 -85 -26 29 -33 14 -59 49 27 69 4 46 -1 80 61 10 99 14 -11 72 85 41 42 -35 30 -85 20 99 56 -88 -28 -87 75 11 54 -92 80 -71 -81 -1 88 83 -54 -63 22 32 -74 66 -58 -36 63 -69 -96 42 -55 -84 82 -30 -54 25 -90 -8 31 80
-87 87 14 42 -88 -1 55 -26 -68 -91 64 93 -36 -54 -57 -17 -21 34 -69 66 42 95 72 -5 81 -44 62 -18 -4 -30 89 -90 -66 -18 47 -59 -6 68 -87 45 -13 -69 -97 -26 -72 87 0 82 -64 66 -33 -13 -76 3 86 -53 55 -98 36 96 -34 -61 92 4 62 7 -55 85 -79 -50 39 -46 86 51 95 20 -82 -55 68 -15 -68 -43 50 99 86 -49 53 75 -2 40 -78 85 -4 -90 -11 1 14 4 76 -62 58 -58 9 25 -4 -94 -59 60 -89 49 75 54 95 -64 27 5 -63 77 5 -24 -7 -77 -8 -85 78 42 -46 -88 2 -62 -96 -21 11 -19 44 -27 -1 -96 61 92 5 50 -29 4 -72 -9 -29 55 -24 -50 62 -57 52 32 76 4 -49 22 76 22 -84 -42 72 29 -55 -30 65 -57 36 65
-73 61 -83 -66 77 98 77 -52 -29 -43 88 59 -19 -59 2 81 6 81 75 -97 37 73 -18 2 22 -96 45 -21 -45 62 -47 -64 -57 -7 -61 3 -96 21 -43 -56 82 16 -46 14 -71 6 53 38 -78 -64 -34 -47 -12 -54 22 89 41 38 -27 -23 -84 30 90 16 93 -34 -75 83 96 -53 -63 51 54 -50 -44 -37 -53 -94 57 29 -5 -85 48 74 -56 -92 72 82 3 -21 -58 -23 -9 -77 -99 -92 -2 -21 43 70 66 80 37 -58 42 -92 32 -55 -4 87 87 52 -72 -70 -65 36 -60 13 -19 19 35 59 17 -5 88 31 -7 52 53 -24 -50 70 7 -25 -1 -37 99 -33 -15 22 -92 40 94 56 -10 -45 13 -82 15 85 99 42 27 65 -33 20 15 83 32 -21 53 -87 -38 -5 56 64 -42 80 93
1 83 -55 32 25 -81 22 92 98 23 41 -82 93 -61 -85 90 64 -73 -1 -29 38 -10 -100 -70 -16 24 26 38 -47 -20 -40 14 -100 29 -1 81 -40 23 -52 -7 -15 89 89 -31 66 -96 -82 60 58 -51 81 17 -2 -55 69 16 49 -38 -77 44 -96 71 5 -7 44 0 -72 50 39 -95 17 -16 -67 -26 -19 53 -23 -50 -48 14 67 62 -22 2 50 -75 20 -1 29 77 69 61 -97 -72 -42 35 13 -6 61 -64 -65 16 72 44 -40 -65 19 -70 47 -59 34 -45 -82 -28 -81 54 76 38 74 -88 11 92 13 21 -37 0 61 -13 -54 -48 -1 92 23 -71 -85 -46 92 76 64 -58 38 -93 -61 -14 32 13 -25 -61 -10 97 -68 -80 93 91 -11 -4 -80 -85 38 30 -56 59 -45 -30 83 82 36 80
16 -36 -79 6 20 45 -30 10 -92 6 47 96 3 -98 30 22 -73 26 -57 11 50 -30 -88 18 -55 92 62 69 -78 -5 -33 -10 83 42 -5 91 -87 -16 -84 -60 -12 51 -65 21 34 34 -87 65 -91 44 -100 86 -45 80 54 43 33 71 -95 66 56 0 -80 -21 37 11 -63 3 75 -88 -19 36 -71 -84 34 -73 62 -51 31 -88 32 -1 3 -40 17 -27 -29 -52 -21 -46 15 -34 65 45 -39 99 13 11 -50 -43 28 -33 -91 -4 -68 -11 72 40 -49 49 12 53 74 -88 43 -34 -26 38 64 0 57 11 -36 -87 58 -69 -88 0 37 88 -68 11 -56 -4 32 42 -42 -39 -18 -41 -54 3 -7 -83 -56 -24 -16 67 73 99 -27 -14 -34 84 9 -100 -80 58 73 -5 52 -23 22 44 11 -53 -23
-77 77 38 -14 44 7 70 46 -100 30 26 -3 -55 5 -94 -68 -32 62 -39 41 4 94 7 17 61 79 -17 56 -30 -27 48 -80 -44 -50 61 -16 -30 36 -93 89 -45 -70 -65 32 13 -70 -96 -54 -44 82 22 -28 40 89 13 98 35 -95 48 22 92 80 47 83 -67 97 50 0 56 -55 -4 69 16 -100 -83 -100 90 35 3 -24 -77 -33 -6 -100 95 85 -65 57 66 97 68 79 -100 64 -47 -12 10 87 93 97 -50 -31 -38 94 43 57 -63 -79 61 83 -60 22 46 58 -4 60 -70 -78 77 36 63 -87 -1 -46 7 -20 -80 -81 22 -75 8 -94 -7 -43 72 -75 -19 86 53 -79 -78 -9 58 45 31 89 -49 73 73 -35 -94 62 -92 -55 -62 -47 66 -97 -33 -15 -87 50 -13 -29 -26 22
0 -54 66 -48 65 21 82 69 94 65 41 100 -42 84 66 -53 75 92 99 -30 -17 -74 -7 -85 -66 92 -46 39 66 25 -19 -34 -47 -12 84 95 -9 82 55 48 -37 -33 -60 -35 31 -80 16 -7 -29 56 -77 -96 80 36 -81 -100 42 -92 91 -42 24 -38 72 -60 -68 71 -39 -91 -63 -63 -5 15 -59 -11 77 52 -76 -18 37 44 82 11 -2 15 25 -49 53 99 -42 -2 64 -100 2 -38 87 19 46 -8 44 -16 82 -86 -88 44 10 71 40 58 -50 34 2 -41 -26 63 92 -94 91 17 97 -39 -92 39 5 9 72 -31 85 27 96 -39 41 -63 -18 -69 -19 -85 79 74 -22 -91 -74 22 61 21 -89 73 0 71 37 50 -33 -6 -19 73 74 2 23 19 36 -27 -98 -5 6 -83 -7
68 -10 -92 -14 48 77 80 -91 69 -98 27 0 -42 95 -8 7 -83 52 86 -31 -34 1 -13 48 -99 -15 99 -11 -1 34 -100 34 94 32 -90 -35 90 59 -39 78 97 -74 93 -16 -91 -70 21 27 -38 66 -17 -31 8 -92 -13 -90 61 5 57 94 81 -16 -63 63 95 20 -52 36 -71 -30 -72 54 -39 3 -37 59 -34 0 73 -59 -7 93 94 77 84 49 -2 -36 23 96 86 14 -20 3 -34 -37 15 42 -76 -72 18 -61 86 -11 -81 -85 -79 68 47 98 -68 -46 -49 -48 45 -25 -2 -14 -75 99 -16 23 -76 22 68 -95 47 -29 54 4 65 13 26 -52 -40 49 -9 10 -34 60 -7 35 41 -38 49 -13 50 87 67 69 -5 -97 -18 74 84 -34 88 59 13 61 -93 -11 -36 21
47 -34 40 -38 -99 57 -89 72 20 -20 -59 39 12 100 33 16 -88 -38 48 -5 58 -16 17 -6 4 85 -87 -61 60 44 87 23 -73 89 -60 31 27 -73 -70 -85 32 43 80 -40 35 77 -53 92 -71 -70 68 65 13 -92 -77 99 -13 66 -35 -58 78 -21 49 -1 -29 60 -76 15 41 18 -14 -98 41 74 -18 -94 88 -69 12 -78 87 -92 -3 88 -13 -2 20 -27 -87 53 91 17 59 91 -64 -49 -67 2 -98 6 -39 38 -45 9 55 -29 63 -91 71 -57 99 -69 48 98 17 -87 4 -25 -71 30 87 30 -70 52 -6 -37 83 50 -53 45 -30 -65 -15 -27 4 16 99 22 -59 -56 -91 33 87 44 35 -69 -44 -63 21 -66 -17 -32 17 -60 79 -18 92 -20 -9 24 50 -6 -50
-77 -51 64 -71 -84 -99 67 77 96 -8 -92 -73 15 89 -31 -92 98 -23 48 87 76 3 19 86 -9 -76 -63 76 -49 13 -41 -52 -1 -61 94 -21 -66 -92 -4 -61 62 96 70 -10 41 -89 92 -35 97 -37 -92 80 23 33 54 31 27 -64 -15 76 98 -22 -67 70 -81 -53 20 43 -92 -24 67 94 0 87 -23 76 47 78 -7 44 65 -21 -12 -69 20 -67 19 -49 87 88 50 -24 -93 29 58 -9 73 48 53 52 -19 -41 -71 -64 -76 -17 53 85 -40 54 1 -61 -76 42 -58 86 -53 12 94 51 -70 4 -78 -8 28 14 -85 -7 -13 37 -31 -67 90 -98 97 40 -23 -54 -63 84 42 -28 -32 82 -28 54 59 3 32 -73 49 33 -66 52 -82 -79 86 -85 55 91 -67 -99
-74 -47 -32 38 82 -7 -60 -33 -41 6 33 99 40 71 -24 77 -66 -40 48 -75 -73 36 -88 -75 -74 92 -18 -55 30 91 11 7 -5 -98 -65 12 92 69 -72 -60 92 83 -12 -63 -47 36 -72 75 89 -54 -93 -74 -51 -32 -31 41 -7 -99 88 29 -81 25 -55 -56 -27 21 -37 67 -25 -52 -50 11 -48 97 35 30 -34 51 11 -100 -76 12 28 -99 -13 57 -75 -50 98 59 6 6 -20 -20 91 20 35 -90 -40 21 65 90 43 53 -27 2 -24 -37 65 -86 -81 -51 -26 35 -8 71 -25 -90 -7 82 0 27 -22 -20 46 57 25 -30 -84 -92 91 10 3 23 -72 -54 -14 98 6 0 -51 35 66 58 56 77 -25 -90 -2 -76 25 17 69 -99 -95 93 96 -93 -34 61 63
-59 85 -93 7 19 79 -93 -57 -33 14 -6 -57 -37 -18 -23 12 -9 -11 82 -80 93 -19 48 46 -35 16 -92 58 31 -94 -89 62 47 -68 1 53 11 10 8 54 38 -32 0 -72 79 52 13 -38 50 5 4 -15 1 -93 60 15 69 54 74 -51 71 -84 -24 -65 -85 56 88 -97 45 17 6 31 96 97 26 86 31 -12 32 -49 -9 -65 3 -50 -58 -53 73 78 -87 -9 80 11 -75 -26 -9 -85 65 17 -42 -89 -62 -77 -85 59 -16 -56 -48 57 7 -16 29 -12 -98 11 40 -43 -19 27 -21 84 -13 41 12 -78 -46 95 -72 -14 -63 -52 28 -60 -62 -24 -15 -100 -32 -92 -97 70 81 25 54 37 27 61 -81 29 -25 -27 -35 -24 -24 100 100 31 84 5 19 -30
26 41 81 73 74 70 -7 11 66 -45 96 -96 -42 2 51 -49 -59 78 -26 11 91 47 -51 -83 66 50 -62 -24 42 -75 -48 13 42 -76 -99 -69 98 -1 -74 64 -57 -18 -30 22 -34 85 20 90 70 40 96 -81 70 38 37 46 75 76 -69 98 9 35 -3 -61 -11 -14 94 -49 38 43 -58 -85 -53 90 1 -6 -26 -79 53 -99 -31 50 18 -94 -15 -45 22 -43 57 55 -49 -75 97 -8 -49 34 -40 7 73 -78 72 -65 -21 55 98 10 -90 -76 68 -62 -49 30 37 -17 44 -28 -3 -46 73 -62 -70 -24 50 -23 -50 30 76 64 50 96 -30 68 -7 99 14 42 -57 -51 77 20 -10 21 23 -37 -51 -34 47 37 -94 -55 -44 -61 -39 -1 63 74 23 76 -1
-51 -97 7 19 94 -20 -93 94 -30 97 46 87 -93 -63 18 -43 -7 -14 -21 30 18 28 -43 30 75 0 32 7 89 79 -2 -62 20 -51 86 8 31 4 -82 -55 47 6 0 -42 -53 10 21 67 -66 -3 71 30 94 93 -4 15 -48 -24 -91 -20 43 -64 69 47 50 35 14 19 77 89 49 -53 10 -9 87 -94 -8 -13 51 20 3 83 9 -89 18 17 -42 -18 -3 88 16 97 -68 -16 60 -50 26 38 44 82 -55 -49 -99 55 -85 16 -37 79 100 10 -39 61 5 -59 -49 97 -32 34 33 74 -2 24 0 14 39 -86 50 -88 -57 -96 27 -32 -16 -28 73 61 -39 -38 28 -10 12 -74 -54 11 -66 -84 80 88 52 -19 -83 -71 88 -10 80 50 -100 -43
69 51 71 93 -97 33 64 -76 73 80 88 73 5 24 89 -56 -38 -72 57 1 6 2 -99 36 -55 -82 -50 -63 -14 50 -42 -69 -66 96 79 -89 55 7 37 -6 -22 -61 86 25 -1 -26 -47 -17 -98 46 79 -60 66 -88 90 -73 7 -63 5 67 -66 -49 -20 50 50 -47 16 83 -30 54 65 47 5 -2 -56 78 -22 -72 67 -72 10 9 -25 -99 -74 -64 59 -47 15 -100 18 -40 26 -46 -98 -66 -63 -20 69 65 -52 29 8 33 87 64 10 79 71 -54 -42 -83 10 22 -47 -89 4 82 -4 -83 -19 10 -42 48 -68 17 -26 28 84 -15 8 2 87 27 -22 8 -53 31 -26 -7 30 72 -99 76 37 -60 52 57 -90 35 -72 -43 92 -97 35 70 6
7 24 65 -9 3 -40 -90 99 -24 -62 -60 -35 15 -41 92 -43 -61 -87 95 -54 -1 41 -90 -34 -57 -94 -67 4 43 91 13 -92 -2 5 -68 95 81 -17 -13 -62 -34 -31 -83 -45 -82 -1 -14 -27 -59 -90 86 -31 52 -67 57 -28 -8 -90 -77 21 -6 95 -54 59 -86 -41 63 -98 -21 65 42 24 58 -20 -21 -71 -49 49 52 70 97 84 69 -9 70 -60 -3 -52 15 100 -33 52 -95 -13 27 -37 -94 50 -58 44 -5 -11 -43 12 14 42 -30 50 -71 19 -4 -9 -60 88 -59 -12 -81 -7 -86 36 68 59 19 15 -31 71 -54 -96 -22 -3 88 -71 -95 14 64 42 35 -77 56 84 28 -41 -55 -45 68 2 -22 64 43 10 -9 64 99 26 -12 54
-23 9 -7 -71 -18 -35 81 -90 20 71 89 -69 -66 90 71 -79 99 8 47 -24 -62 -62 -84 -14 46 -96 5 -73 -35 55 20 -40 -21 -18 -81 11 -88 43 80 -94 -34 80 -86 -83 76 73 -82 -48 -22 -87 -45 61 23 -47 58 64 -23 95 -23 -46 42 -64 -58 -78 38 91 16 88 7 81 57 84 50 97 2 71 74 89 -97 65 -16 13 -22 24 49 -87 60 33 -58 -99 -75 -3 -31 66 -12 -57 91 5 52 54 -41 -81 68 -78 -56 8 12 93 -10 -93 -61 -93 60 -58 51 17 -23 46 46 64 -75 -93 71 8 28 90 -48 11 56 77 91 41 77 -38 42 50 5 83 60 77 -60 -15 1 41 96 64 36 66 -77 -10 66 59 34 -3 93
38 -3 33 -94 -37 -42 68 -84 27 73 54 45 43 -76 90 -4 -14 81 38 91 100 -61 45 47 35 84 -2 26 -12 -32 -70 -10 13 -23 37 54 95 -3 -87 -2 -25 76 46 41 11 47 14 -46 -99 99 -71 85 -22 -95 57 63 -9 -30 36 -21 97 -56 -4 -51 29 -72 -43 96 -93 -8 42 45 45 17 58 -38 33 -20 -12 51 -77 -18 -62 10 92 -73 17 -8 93 -77 66 14 47 -90 -91 68 -70 -61 -56 93 -3 53 53 12 85 97 -74 -29 -89 48 -58 -7 20 80 -100 43 -95 70 -20 34 71 -2 46 65 42 14 -79 15 12 -15 -9 63 -75 -16 80 89 -53 16 -81 69 7 70 -44 -96 49 -77 -99 75 -82 -65 -29 -9 49 -5
-28 85 -77 20 99 23 -49 -45 41 -24 -79 39 -24 23 58 -11 -51 -68 1 -23 46 -47 85 -6 5 -95 6 -26 65 92 -33 -7 18 12 -47 -15 -42 -97 51 80 -3 -13 -90 63 -7 17 65 -82 34 -90 -34 69 54 -67 28 65 12 19 56 71 74 -44 19 -52 41 -9 -92 16 11 -93 -39 -75 97 19 -5 35 35 26 -5 -36 -25 -36 -78 12 -100 -4 -95 70 -96 40 -57 -59 82 92 32 76 -67 47 40 86 15 32 -36 -11 -40 65 -37 -89 -7 -24 35 17 20 71 71 -11 24 11 99 46 -42 -63 96 54 8 -68 -39 7 -96 28 -69 -51 -80 -59 91 -6 -35 -60 -15 -90 4 58 32 -10 41 -35 -13 12 -35 -59 67 77 13
74 -73 -22 -64 -25 70 -36 96 -37 -25 -87 73 -5 60 11 -11 -57 -73 -10 -41 60 -77 99 -91 -65 -66 -57 94 -42 -1 -91 -64 92 -84 -21 23 82 72 81 -34 -95 69 23 44 23 -51 1 -27 -75 92 92 -44 -9 64 21 -54 14 -13 -20 -93 13 54 -92 -71 25 27 -21 75 26 -91 -72 40 73 -29 48 -56 87 60 -19 18 84 4 76 64 32 -2 -53 68 53 23 -76 58 -39 -70 -80 -17 93 -85 -32 -49 -2 63 50 25 44 -85 -65 32 29 87 86 8 22 -30 -66 32 32 2 67 -92 91 43 13 -93 81 79 -35 8 -13 -22 83 66 -61 -56 97 72 -24 -36 61 -63 -29 -24 35 -85 -35 -94 83 -50 -49 -53 -61 77
-82 97 -23 -33 68 59 -75 76 -22 -20 5 -5 -79 -16 35 9 -91 95 67 -31 86 58 -31 -86 97 62 -31 -49 91 -34 -78 76 18 69 91 -76 -82 27 51 2 88 -40 54 22 -85 -16 -6 51 34 -38 -99 -16 -49 60 87 -50 -57 -17 -41 -75 -76 100 85 48 12 90 96 -95 -30 4 -69 99 95 -55 -62 -3 -8 82 -13 89 -36 -45 12 35 -97 54 20 -63 16 88 -42 -69 -43 17 0 -92 -57 93 -12 59 -96 -57 67 -9 5 -87 -25 -81 -96 46 88 70 -67 99 -40 -27 -53 91 -47 -65 -87 44 64 88 1 -47 -55 -75 11 86 -66 25 -86 -86 35 57 -61 -34 -82 5 65 80 -79 47 90 99 -13 45 77 -95 74
-12 30 -49 -29 98 -45 86 54 21 13 80 -52 -69 44 28 18 -66 -81 43 -67 17 7 49 40 33 -89 -99 -97 88 25 51 -46 -35 74 -46 -58 -39 34 64 -70 -32 83 9 -38 -20 10 4 -30 -55 82 -58 56 64 86 -85 -96 -79 -52 -72 -14 -98 56 -32 18 -13 48 -3 -60 -97 -60 20 47 -88 -8 22 97 -20 62 81 65 -32 67 -46 38 18 23 -55 -21 -24 -8 -76 -85 62 27 27 4 88 13 -90 -40 29 -70 -33 -77 0 9 60 -63 -52 -40 17 1 -13 -7 -82 85 -27 -64 -37 20 40 55 59 -3 -47 28 -37 -44 -17 -64 -19 86 5 0 19 56 -26 -60 4 7 -69 -63 -43 -16 42 90 -81 -23 -17 55
8 -91 24 -75 -51 -85 95 -91 39 65 26 -32 52 27 33 -38 -16 48 -3 -29 87 14 -30 48 3 -86 -87 68 -64 60 -33 -61 -13 16 -9 -41 87 73 -7 -50 -30 -91 22 -71 60 19 65 0 18 90 28 30 64 -68 7 62 -30 -37 -61 -21 -88 48 46 -66 -99 -13 6 -17 -14 -67 64 21 -77 -18 23 -88 -85 97 -54 -59 22 -4 -93 -98 38 -71 -71 -56 57 40 66 54 -56 -1 -32 -39 4 -49 -38 83 97 29 33 69 -12 -35 95 50 30 -47 66 -31 87 -96 23 45 24 -8 -29 1 -70 -15 -95 69 -27 -57 -64 42 31 -58 73 -2 -78 38 -32 82 19 -20 48 -27 -75 54 91 10 -31 57 6 -60 -66
98 26 57 5 -35 1 54 2 82 -26 47 -13 88 35 13 22 46 -85 54 71 -17 42 -78 -7 76 -37 -73 1 19 57 -46 -59 5 -69 80 65 -56 98 -68 5 48 68 37 -78 94 92 -96 -35 60 42 -61 -28 47 75 -86 93 -99 -99 -26 28 -70 57 16 19 -73 -23 38 84 65 64 77 -93 83 -6 -84 -5 57 -98 -97 4 -100 83 -14 88 -97 -57 61 -89 -11 -82 -78 -9 -57 -34 52 -9 86 -4 46 94 11 86 -63 8 59 67 -28 -38 -15 87 -98 28 81 -18 -91 29 -31 59 93 -30 -37 -7 28 55 91 -2 43 -4 -22 -9 -53 -16 -87 74 -66 -27 91 36 -16 69 -88 -58 -100 57 96 -28 -84 18
-19 86 54 98 12 -38 -14 -69 -62 60 87 52 -36 -68 53 -4 98 -71 -99 65 72 79 92 -7 86 -61 61 -38 -1 -45 36 -67 -85 -47 85 92 -29 76 -35 -72 32 -20 -83 10 44 -59 -54 -72 -52 100 -33 8 65 13 69 92 -98 99 33 52 -52 -99 31 -3 -96 -82 91 62 15 -91 78 32 -58 -42 -49 6 1 -15 -12 28 13 -62 -97 34 -89 -63 91 52 16 74 -29 -90 34 43 -3 64 49 -44 -98 -28 -28 21 6 49 18 -57 76 -29 -38 -47 58 -34 -48 -74 -92 -75 15 20 -7 47 3 -56 16 95 12 -71 -14 75 -89 76 -33 71 -60 -50 -95 -83 -48 46 72 -38 94 15 -25 -7 -21 46 -5
30 72 -36 -79 -29 46 89 36 -70 28 -30 -19 5 85 -45 19 -37 -78 60 19 -98 73 -96 25 -76 10 29 52 44 -85 -41 6 54 -33 37 78 53 -96 68 40 74 41 89 89 -15 -45 57 76 89 -18 74 49 76 -62 -30 -29 0 16 -2 -93 6 -11 -99 12 -85 75 -57 -49 -100 92 -78 73 22 67 -100 -36 60 -22 32 22 33 50 74 -46 -20 -16 95 -17 42 -13 56 -96 -14 -27 -60 22 42 87 2 86 93 26 -51 -30 -10 -78 72 -18 -25 84 3 9 -48 12 22 14 6 -67 39 90 86 -67 -24 23 44 -19 -51 -4 -42 -74 78 -84 65 -35 -55 34 1 22 57 -11 11 49 39 -73 53 51
-37 70 -27 20 -74 90 -12 3 -64 1 28 61 6 100 -17 36 -21 -14 56 38 -46 56 15 87 -89 -30 -3 -64 28 -11 56 39 -42 -91 -43 -52 56 -72 -38 -62 -6 -28 49 80 53 14 -100 -7 -95 -45 20 75 -44 40 100 -5 27 -25 41 13 41 35 -61 37 21 -56 53 -71 40 94 65 -16 56 65 83 -37 -78 31 -87 -71 67 -45 -33 95 1 42 30 -64 -73 -18 61 82 50 44 84 -68 57 31 -21 -62 -35 -89 -81 96 -1 44 -84 -89 15 -56 -37 95 -73 -68 35 11 6 90 64 -42 -43 -9 3 100 -38 48 -51 -49 31 -34 22 -11 -29 43 -88 -16 5 -57 73 23 61 23 67 -20 95
-25 -99 26 12 -39 74 -48 29 -57 -5 -61 -34 33 60 -51 -19 52 -33 27 79 -94 83 80 69 -39 -64 76 49 86 77 3 55 -86 46 -28 -89 82 72 -21 76 -83 36 -77 63 -55 -73 -37 -35 -80 -80 -90 -3 44 92 -21 74 4 -38 59 57 -34 70 -92 -89 -57 36 -77 -56 -30 -72 -99 -52 30 52 36 41 -52 27 -6 -12 12 31 -90 -13 33 42 11 12 -30 95 -26 -98 49 9 -60 89 20 -96 -96 0 61 62 57 -47 74 17 69 -70 -96 63 3 -62 -57 71 46 67 47 7 -52 91 -56 53 1 14 69 -77 9 74 65 52 74 -3 37 -77 -67 -13 -45 -13 100 -65 -62 -58 -48 -4
76 -47 -52 -79 -42 3 -92 -97 76 -37 50 34 -77 -77 27 56 -99 68 -68 45 -21 45 -37 90 -79 -45 -87 57 -56 99 91 -1 68 18 83 11 52 -18 -42 -54 49 -64 -97 -88 -10 63 62 -97 30 -70 -72 -94 -71 74 -2 99 42 58 16 25 -91 21 69 -42 -96 -24 -59 -92 -16 59 13 -7 63 -22 -80 -88 -72 86 92 87 45 -80 7 13 78 -77 33 -70 -13 -90 -27 8 33 41 33 53 86 79 -32 27 59 77 -19 -70 51 -91 -50 26 -56 29 85 -1 -12 -78 56 17 -35 94 74 54 60 -42 63 20 96 -4 59 5 -100 -58 27 -77 -6 -86 -37 80 -71 69 -13 -71 28 66 55
-92 -68 59 85 29 10 64 38 51 33 -44 7 -19 35 97 79 -35 38 46 52 57 -5 -26 -58 -86 35 -54 -14 18 18 -44 -9 -40 2 -23 75 84 42 86 -63 -94 32 16 13 -90 -20 70 98 81 -73 19 -27 -77 29 -34 -34 -71 38 -5 14 49 10 -47 -75 -63 -66 -61 93 -79 -30 -60 -100 44 98 28 -85 -83 64 74 -80 30 -6 87 11 27 -49 64 -96 15 19 -91 13 -30 -22 38 40 -86 54 22 14 -32 -71 6 -38 4 -21 81 72 25 80 68 3 -26 -81 58 -51 -9 -64 53 -50 99 0 52 64 17 -4 25 -80 4 -69 63 16 -48 -18 87 24 21 -40 -34 65 3 -43
-6 -100 80 20 5 -63 -93 -64 42 -46 -7 -61 -86 -100 -89 91 39 -57 1 48 -89 79 81 10 -66 -42 0 63 -66 90 28 12 -66 16 -43 9 -18 -63 70 94 26 -31 -98 -7 -18 -23 87 41 11 19 38 -89 34 -78 34 52 -14 4 31 -92 8 18 61 -12 56 -72 -92 89 -70 85 -93 88 -54 75 -20 93 -82 6 42 15 -33 66 -99 -74 48 -73 54 -3 -80 44 25 68 26 -48 -55 -36 -3 97 -86 -59 99 -31 72 20 -5 -74 -3 -40 -87 -56 56 -38 -100 86 -88 -87 58 13 -82 73 83 55 38 15 -43 72 -12 -31 82 -31 97 77 -15 21 -44 -22 86 -23 -17 -85 83
0 62 42 -65 -15 86 -95 -97 -76 -87 -90 6 58 42 31 -14 28 34 71 55 99 -12 90 19 -49 43 37 57 91 -62 4 37 -100 4 72 91 -41 72 93 -96 23 54 -88 -95 78 92 -71 -88 99 25 37 87 -30 -18 97 53 64 86 -80 16 92 -54 43 -71 -42 9 -11 -51 -90 96 60 45 -72 -88 -8 78 88 -73 88 -4 -25 36 -35 59 87 14 64 38 49 78 -98 -59 41 -77 -18 60 26 12 36 -37 -71 20 25 21 69 42 -6 -92 -44 50 -9 -87 30 -12 -1 -34 -28 -52 64 -28 0 5 -44 -85 47 -26 75 11 -67 -66 -48 37 46 -88 42 92 13 -64 -1 55
68 -100 -91 -84 -92 53 -62 98 -47 64 -31 76 5 43 72 -21 -12 45 83 86 90 90 65 34 93 79 -44 79 54 -84 -99 72 52 87 39 6 28 41 -89 -53 -40 -25 21 -90 -71 67 -71 32 60 -42 79 -27 48 -80 12 36 25 23 -45 -25 100 -35 47 -45 -20 -48 -96 24 39 71 38 52 -45 44 -66 -64 63 3 -5 90 33 -29 91 8 65 -47 -3 56 41 -2 -81 -10 76 85 -28 -97 27 -23 62 41 -68 -48 66 4 -80 44 30 -31 17 41 -21 43 -41 -1 77 -84 67 22 -35 -6 -79 8 15 -52 63 41 -10 -5 66 -49 43 96 -22 16 -94 -8 39 -31 62
-5 42 79 -2 38 51 -23 -99 85 -14 -59 19 46 -60 -3 -38 -93 -96 61 98 100 25 -68 -30 55 72 -58 -100 -27 -76 61 53 -75 97 90 -54 -47 44 63 32 16 87 -55 -80 18 29 62 -58 32 53 -82 -58 63 -6 76 -51 83 1 75 20 -33 52 55 69 86 -50 -96 94 -25 -14 35 75 -69 7 -41 -66 -57 -43 78 5 15 -45 60 -13 94 78 38 -77 75 -17 -88 16 80 33 -63 -13 100 -2 -96 92 -83 23 -95 -72 44 -67 -91 12 -79 92 -85 -69 -46 -93 92 58 -47 20 -59 -11 -28 75 -35 -92 22 38 20 -30 -69 -7 48 9 -45 -29 49 -26 34 -53
11 11 77 -28 -25 -87 -14 -67 -61 -40 -58 -15 7 -33 -81 84 -53 -47 -54 59 53 78 -65 48 -52 36 -43 -32 1 -40 1 -69 -58 -34 25 -26 7 94 -76 -56 71 36 54 -81 -25 76 -86 -35 80 -31 94 -55 49 -14 64 -42 -19 59 -29 39 -23 -98 -35 49 98 64 45 -7 21 -84 100 -56 61 -84 7 -71 -75 60 -37 1 3 -87 -2 5 51 -89 -72 23 -79 -90 11 -39 -87 -46 17 -13 74 91 -51 7 28 26 -13 24 22 -81 -58 -36 22 -40 53 -49 69 23 75 1 -27 -80 -58 81 -84 10 2 -9 -63 -44 16 37 -22 10 -46 -85 -56 90 55 64 -21
69 4 -87 -94 9 -6 53 -15 20 -74 28 -54 6 -35 -86 -18 11 59 12 11 34 22 42 95 70 46 -60 -7 -3 -94 80 -90 -54 77 -96 4 -32 7 -23 71 31 -68 100 -43 56 -57 40 -97 -62 -10 -84 60 94 43 3 -57 28 51 -71 -51 -11 -43 39 48 -31 59 3 -55 -26 -17 13 21 -91 64 -55 45 -33 -9 -91 21 42 43 -21 62 24 -16 -31 26 -77 -44 -8 15 -89 9 -84 71 -37 16 76 25 -38 -42 -13 35 -44 -15 -18 12 -1 47 -23 39 -6 35 45 -9 -60 14 29 86 -8 -85 64 51 85 29 -52 69 48 -52 -85 -26 -83 26 89 -96
35 68 71 58 58 -57 -96 80 -1 79 -77 -50 -42 -25 79 1 -34 -20 -100 -98 42 97 -17 94 -51 15 -36 96 80 -26 5 -42 -14 -40 -2 -1 -99 -36 -13 -52 65 -89 -22 38 43 78 60 -21 88 -49 -57 -90 -8 6 29 -84 57 92 -79 81 -49 -15 -92 74 -38 89 -20 -78 -30 -65 53 84 -59 -8 10 86 18 -26 12 -18 12 21 40 0 -55 -95 57 72 -52 34 -48 -41 -26 55 -23 32 62 -1 68 -42 53 70 97 -99 -91 89 -31 64 99 -8 -9 50 9 28 48 -4 -44 50 67 -36 -39 -82 -19 -15 55 -47 78 4 85 -100 45 2 18 58 75
-12 50 -8 73 -49 -31 19 -57 -55 -11 36 -28 -92 74 99 -74 22 61 -59 -46 -11 77 30 -27 4 -9 8 -60 -60 94 -71 29 86 -29 -20 41 -66 -17 -9 37 -6 37 21 -91 30 93 61 -73 -16 36 -52 63 -69 -39 -17 -55 -29 93 -49 1 8 90 -48 -61 -9 70 44 49 -11 41 -89 -98 -37 -51 -100 -31 50 -26 -88 -52 39 -25 -3 -46 -48 28 -48 -42 -87 63 -24 59 25 79 -64 -19 -85 -91 42 -3 52 43 -95 27 -12 36 -69 -56 50 -39 -61 -51 -33 -72 -97 -80 56 2 16 62 -43 72 49 -54 -72 23 -93 76 -67 62 -50 -28 51 69
-99 -20 -57 -92 -82 -6 25 -87 26 -8 -65 73 20 33 -13 56 -58 -63 96 2 -41 -43 -61 18 8 -29 97 -12 -7 96 -48 -78 32 -96 -94 -14 -88 -94 -56 98 -41 35 -23 -75 -4 -90 -94 -45 40 8 -55 -10 62 98 70 44 -89 -80 -27 -35 -56 90 -43 40 90 -62 20 -19 60 -100 -29 92 73 -93 30 -19 39 9 54 14 -75 28 -97 24 19 42 -28 92 57 -25 75 45 -43 32 63 -5 67 -91 51 -100 29 -98 91 8 3 48 5 15 -59 -28 -98 52 -24 41 55 -2 68 53 1 -13 33 -79 -31 -51 -75 6 5 -53 9 18 -28 -68 9
-47 47 -44 88 17 99 16 -73 -82 16 89 -88 25 34 -34 73 -87 -21 -4 -40 27 -62 -87 -49 2 -59 45 -15 -98 78 -20 -19 6 36 -75 -51 -66 92 -7 -78 -39 -62 -42 5 -29 99 -56 -4 84 -27 -56 65 -98 37 11 6 -42 -27 -76 90 75 41 40 56 -32 76 -92 7 88 -86 5 34 44 31 67 -41 12 23 86 63 36 -15 -45 -4 -42 43 70 97 -65 -12 -79 89 81 -34 -77 46 5 -21 -58 -89 76 -52 98 100 27 28 2 8 85 65 78 -46 58 -38 -45 38 6 22 -86 -83 -45 -32 -97 -29 49 -85 -54 -16 -50 -95 -54 -35
16 58 81 -61 90 77 -53 -39 52 -98 25 70 -94 -38 -92 17 79 -80 63 70 51 85 -13 1 -10 35 60 -5 -98 84 20 91 -89 86 -6 -6 -7 -83 -43 -81 -49 -7 -49 41 -1 -75 -33 -15 58 -37 86 26 -74 -92 -5 54 17 -47 -65 40 76 -93 46 29 -55 50 35 24 -78 75 -62 -73 89 44 78 85 -79 60 -37 41 24 27 61 -96 27 72 -50 -83 8 53 -10 14 83 77 -39 7 96 -100 -20 -19 22 11 -55 -24 -12 -25 -6 -44 -24 64 -8 -100 -81 95 -8 -40 47 -48 -2 -63 -11 49 -85 14 -20 -40 87 48 24 -4 87
-45 -18 38 86 -49 -30 -42 -12 63 -42 45 -98 -91 -70 -53 37 72 76 -46 0 33 -92 -91 26 77 64 -32 69 -98 49 -96 -22 21 49 69 75 60 17 -90 -40 61 -25 43 72 18 51 -22 92 -87 -79 -78 -2 -97 -66 99 76 68 73 -33 59 -34 -16 56 24 -97 21 -21 13 -92 45 12 -16 78 3 2 78 -86 94 -43 26 -27 31 -32 97 61 -89 69 15 16 56 91 27 58 78 16 -89 -31 8 97 -24 28 -26 -29 7 -57 39 90 -1 -19 88 -48 28 -32 93 -49 -29 10 -91 72 19 17 -93 -87 6 -16 -42 91 -99 -72 -41
-77 52 -30 -30 46 18 53 -11 -40 68 -52 99 -76 62 -34 86 -94 -69 -82 -36 35 -19 25 100 91 47 -94 -91 -25 -18 52 3 63 29 20 -29 37 27 -71 -41 -29 -12 -14 37 38 -41 -43 97 -56 -35 -24 -97 -71 -96 45 100 57 35 -38 21 96 71 76 97 77 -31 -40 87 -69 -66 31 89 -80 95 54 -15 -21 68 -5 -22 -11 32 50 60 94 51 -86 -55 -19 43 59 -51 -95 1 -62 89 72 82 -95 -90 -39 30 -52 80 -16 -93 83 -74 -18 -28 9 -69 43 28 93 -29 99 83 -5 40 45 82 -53 46 80 65 79 -64 64
-68 -63 -3 78 3 18 -44 59 -35 -73 -69 93 78 -4 95 -23 28 -32 -40 -59 28 -58 -56 -91 -45 32 -53 -89 -88 41 70 -90 7 -76 -21 10 -29 -70 92 -74 -12 93 24 45 -2 33 -77 -90 92 56 -28 -33 50 -65 -28 45 -11 -70 -91 -59 24 20 88 -65 -82 31 -6 36 3 -58 34 7 -98 -7 -80 -10 82 -38 -15 1 -38 27 45 96 41 -63 -54 29 25 -67 13 -2 36 68 41 -74 -44 17 43 -91 -79 56 -65 -25 -59 85 28 -92 -10 11 -38 4 -17 24 -54 66 -23 -25 45 49 -81 33 -18 42 78 -68 66 -50
-8 -75 45 11 -11 -76 -20 43 -14 19 31 -24 -65 -82 53 -69 23 -80 -37 -80 -34 -99 -66 -92 -10 -57 -82 20 -90 -51 33 -8 -13 73 69 -38 -4 -48 19 -50 51 -4 -82 81 -99 -20 -4 -65 71 89 14 -48 -69 -38 -50 -19 -75 -20 -56 63 36 13 -75 -31 -85 -55 61 -60 -59 50 72 -23 -58 -38 58 -9 64 -94 -90 77 65 -34 -98 -56 75 54 90 -44 51 -79 -91 80 -100 -23 -51 7 90 -39 73 28 54 -15 49 -45 11 -96 40 -11 100 85 100 -35 -13 8 6 -97 47 54 19 80 -12 51 -42 -11 -92 -66 -60
-38 27 -53 10 84 -14 29 -67 68 78 11 52 -48 -21 47 16 91 56 -3 -27 70 -56 56 -7 -11 -70 -44 80 63 -23 75 -95 -30 73 26 68 99 -96 -93 -2 7 -52 -89 -15 69 -33 23 -59 -19 -93 -8 76 38 35 79 66 11 31 -3 -17 -87 -24 20 19 19 -5 -27 49 -51 74 -13 -18 -46 93 -81 -54 62 16 -97 -64 61 -2 88 45 -15 56 -9 -85 -7 54 98 70 -9 93 -46 82 69 -59 39 29 -50 -74 45 -56 -10 43 -79 -55 -73 -51 -75 -13 -23 -38 11 -20 45 -98 -47 78 -56 -58 -88 -60 20 16
74 -6 46 -20 -99 14 18 75 -72 -57 -77 -75 -22 -21 -61 22 -33 77 10 15 5 49 -39 -63 -77 38 48 -2 44 -72 -55 -76 -15 -69 -68 19 21 -32 -55 -49 33 84 26 82 -59 -6 -50 100 -55 36 91 -27 11 33 -27 75 -93 92 82 60 47 95 -80 -25 86 57 18 -89 -79 -38 89 -25 36 32 -56 -58 -39 19 18 -7 27 33 -43 -9 -47 30 61 -43 80 62 -67 40 81 79 -87 28 -31 -32 60 75 51 -8 69 85 -38 -47 23 -12 -74 94 69 5 -19 -35 -1 7 -6 56 -77 -6 30 17 -25 -20 -51
-54 -24 -92 -76 -19 24 4 92 -72 -18 -72 2 24 45 -62 94 -25 -36 41 -19 82 48 88 51 -87 -49 -28 -51 67 10 -26 -9 -53 -57 -29 -99 1 -14 27 -74 -49 -98 -74 68 -22 60 -86 100 -25 -71 -26 -36 16 17 -51 -60 -88 -66 30 -13 80 -59 -100 29 42 61 54 81 71 -43 -89 86 -62 -2 -14 -40 -3 0 -59 72 -94 34 42 -26 35 -19 -83 -12 -18 27 70 -43 -100 -31 -39 23 -23 11 34 -96 93 -96 71 -6 30 -45 73 85 32 -22 25 -34 68 53 81 -76 97 45 -46 -42 19 -42 -17 3
-31 -89 -5 69 -85 -50 94 -58 14 86 -22 43 -1 -51 27 95 -24 46 34 46 36 39 -12 15 78 56 -91 -16 -13 -81 -8 -84 -13 -28 -86 86 25 32 -78 -98 83 -72 -1 36 94 -81 45 -67 -6 54 42 81 -25 -2 41 -97 29 90 -84 27 -70 -94 -54 -35 -35 18 -51 3 -63 -39 21 -69 -18 -6 -59 61 -24 -59 -50 -19 -98 -31 78 -2 -73 -98 -85 98 73 41 -66 -66 89 6 73 94 -42 4 -90 -88 -11 -64 -84 -13 -59 -67 84 -47 -96 44 20 -75 44 65 -49 -69 -24 49 -30 67 -84 60 56
30 0 66 -34 63 -100 83 42 12 -17 42 16 -21 9 84 69 6 39 -39 32 46 85 -37 73 -79 24 -35 33 -71 -55 -7 -64 -33 -38 81 3 -42 37 63 30 96 86 83 -66 99 -3 -50 66 -68 47 -86 -2 92 44 -70 -93 100 -3 -42 65 45 72 -55 -76 42 39 -59 -86 96 -86 21 43 -59 48 -64 -60 -36 3 -69 19 -84 12 -85 -15 15 39 23 55 -12 86 25 -85 -27 76 -70 34 -32 -29 39 -22 59 -89 53 97 -8 37 94 -1 -45 10 -7 40 -57 1 -16 -53 -72 -72 -25 81 97 59
24 -46 77 15 67 -36 14 -44 30 -28 -82 94 -5 12 -78 100 69 78 -59 -51 12 64 92 68 52 -54 86 37 -17 -94 81 -17 -77 12 -84 -2 7 -73 22 2 61 -20 99 95 72 -28 -55 -76 -29 42 -41 34 41 -27 -37 -47 12 -44 48 -97 19 -86 -57 58 28 -17 55 -38 -4 4 -75 92 -14 -92 13 -69 51 -45 -19 37 -74 54 -17 63 -89 100 28 57 87 94 92 24 -7 -7 -83 15 -47 -68 50 100 -83 -59 -30 81 29 -24 -25 57 -67 -19 -40 88 -9 9 47 -29 -91 77 -5 85 22
-29 -45 -100 -31 77 -83 49 -75 -8 -13 -92 -36 -94 -55 65 8 -78 19 27 -69 30 3 -65 18 -33 -38 -91 65 -53 -26 59 -62 -29 95 28 65 -73 -53 -87 -91 -100 -72 96 -90 70 84 38 -64 24 66 24 -17 5 13 -74 -38 -55 54 41 70 -83 -56 14 64 -4 -52 20 79 51 -32 -5 -79 -45 -51 -6 -37 64 -14 67 24 -32 -40 70 -79 -57 0 -9 -54 -90 98 -46 -81 -1 47 23 76 -85 -86 45 45 -77 -45 22 -80 81 64 75 -45 83 -44 -52 -85 -30 93 -59 -22 -6 -27 -72 19
36 64 -64 52 24 61 57 5 91 -58 -85 -8 -14 -67 -44 -13 43 -98 75 69 -62 37 7 77 -50 59 -89 -59 44 2 38 -41 -32 -14 28 -90 -94 37 41 -76 48 -45 46 -100 34 77 -63 93 -18 53 21 61 -91 85 -11 -1 -26 61 -76 -78 44 -28 98 61 -91 2 -54 -16 56 -79 38 -99 -26 1 -19 46 -33 -36 -74 72 80 98 -14 70 -40 -98 -66 12 -57 1 28 -70 -78 -82 -22 -20 15 3 -6 -53 -22 -95 -41 -99 -86 44 -85 81 6 45 -16 -74 -25 9 88 29 -59 37 100
-79 95 -29 -60 -80 5 -51 61 -22 -14 48 -64 6 56 -39 12 92 -25 35 38 -69 -63 -86 -48 -52 -94 -44 -96 -28 53 -52 39 -32 14 -1 -36 73 -64 6 90 31 15 24 84 -73 84 4 47 -32 -56 13 -49 97 69 0 95 -9 -51 -79 56 37 -22 -57 -72 -50 -34 89 3 -70 -17 -42 96 7 -4 7 -76 -17 6 68 77 -65 -70 -87 48 19 -75 -65 75 -60 -52 5 4 -6 4 -3 -83 67 -14 59 -89 52 9 28 -75 -34 47 20 4 -95 58 -38 -9 47 41 21 -18 12 -31
100 20 -71 -30 -87 47 1 -85 89 27 -79 32 46 61 -23 -37 -3 -9 54 -25 94 93 60 -58 44 -62 -85 -2 -32 74 -65 -35 -51 48 63 -98 -44 58 -61 7 15 -29 6 -58 -35 -72 66 -84 -71 -84 16 31 -89 -11 89 -59 -89 77 -41 12 64 -72 -71 -87 -84 -2 -37 -53 91 -34 60 -99 92 -15 -77 36 -79 57 64 41 17 46 46 -6 -29 -42 -3 -89 33 70 -68 5 -18 30 17 -23 63 -7 33 -39 4 100 -55 -62 -9 15 91 -31 80 94 -83 15 78 24 68 49 -45
-37 40 88 -91 -56 -78 -3 92 -31 57 25 100 -55 -55 35 -48 56 -37 66 32 45 86 -14 18 33 42 11 75 -18 11 19 -86 -70 7 -21 -50 -69 15 52 62 84 -11 -7 15 95 -90 -19 71 82 -55 -46 -53 69 29 31 -73 -25 -17 -8 -19 -35 46 96 39 82 21 45 30 32 50 -27 18 -1 27 63 -91 -53 -36 86 37 98 24 36 93 64 -70 69 25 -35 50 -8 16 53 71 -25 24 11 -44 4 3 90 38 -44 41 -76 9 -99 -26 5 37 -78 14 -11 90 -53 -62
-53 79 -66 18 32 -23 -24 -36 -33 -93 74 86 31 -5 25 13 -87 56 -86 11 -62 -13 57 -1 100 65 -34 -100 -19 -61 -54 -40 43 11 31 96 -3 82 -61 -73 56 55 45 62 46 -34 70 -74 -37 21 42 99 -33 56 -13 -79 -26 -33 -68 35 -10 -4 2 -53 77 -81 -36 -33 -55 99 6 -56 -99 63 83 -16 -59 -72 83 -66 -68 16 69 64 -6 50 -30 22 7 28 -47 -36 -85 1 -28 0 -23 -64 92 37 -19 71 -54 37 -30 64 23 85 2 -33 -5 -2 -20 -24 -48
18 -45 -6 30 64 -60 48 -49 9 48 -61 -42 97 96 90 78 -98 12 -63 59 20 -34 -88 27 -60 -80 77 -76 -66 -75 -98 -2 70 -84 -70 71 91 1 45 -12 -51 36 -39 -58 69 -60 -31 -65 -36 -10 -90 -83 16 -9 -98 56 91 -95 98 84 -75 8 24 54 28 36 -43 -78 57 49 34 -57 -25 -23 58 -1 1 66 -57 17 -77 -32 -91 80 55 -88 81 29 60 49 -71 -1 58 53 25 -26 -26 4 -49 -62 -32 -60 88 94 -26 -11 -36 82 38 -21 88 -96 -27 -23
-42 -74 47 -82 -52 79 34 60 -69 48 9 -75 69 -81 61 21 -60 -54 -52 -12 17 6 -13 80 -53 66 -38 34 78 48 -35 34 8 70 -10 -32 -90 -90 24 -41 -21 -75 -14 70 82 -15 70 -71 -59 -95 69 -15 80 -28 -36 48 68 71 -11 73 50 91 -50 74 -13 22 -13 -73 -91 47 40 -19 72 -66 64 39 18 74 72 71 -28 0 -46 -21 -60 -3 29 -73 60 -99 -50 52 92 51 43 -66 5 78 -58 98 -48 -83 -20 -29 1 -41 -89 -70 92 74 -14 44 -65
24 -13 -16 -35 -37 -39 -35 -84 72 53 41 -98 3 -17 -66 98 -40 -47 -30 -36 86 35 -71 -44 -78 48 -7 65 88 19 8 -48 -53 -42 -28 -89 -84 -93 35 32 -58 -97 -43 41 10 59 89 77 -28 90 -33 -1 -69 20 -1 54 66 51 -21 -35 -58 -21 -24 53 -20 68 55 -60 31 55 -82 72 -32 63 20 -47 82 59 -46 -53 -19 29 -49 -71 -25 -95 97 -1 -34 -75 64 -91 88 -17 -33 -86 16 55 2 -34 -33 -52 -18 -45 -87 34 -31 -94 -95 10 69 77
42 31 74 67 -70 -30 -54 -6 30 -93 -96 -61 80 -49 67 20 8 0 -54 -81 80 54 17 -74 93 -14 67 27 -7 35 100 78 -76 57 -7 -18 5 -88 87 -35 -100 -87 52 39 -66 82 9 -15 83 97 37 92 0 -82 58 36 36 100 -22 26 63 92 88 74 -96 30 42 39 -70 -49 -18 -81 -14 -36 -56 61 78 -78 29 -55 -79 24 -48 8 29 5 30 21 24 -68 76 43 14 38 -6 -75 43 -38 98 32 90 42 26 -33 -9 -85 100 -13 -14 -3 -100
-45 -8 83 76 -74 62 -94 35 36 50 -31 -66 -74 -81 -65 91 38 -87 83 99 -56 -64 -49 52 70 17 99 75 52 -19 70 30 37 52 8 49 1 49 -50 -81 -88 -39 9 -12 31 9 50 68 -46 -10 38 97 -53 -8 -80 -61 30 -90 -41 -2 -75 -65 15 -72 61 61 81 75 38 12 93 -24 8 -93 20 29 -36 82 25 64 -67 -78 -20 -47 1 53 -20 92 -49 -27 74 -95 19 72 60 -35 -23 11 -66 44 83 -77 -59 -20 -52 82 91 48 38 56
-75 13 -48 -19 79 -83 21 23 47 32 96 -22 63 -37 85 -76 84 1 -13 75 -32 -33 -85 20 -12 -15 -25 36 -97 -49 -17 47 -4 63 79 -41 -52 -28 54 54 91 -78 48 36 7 -83 45 95 98 91 -67 -5 99 67 -22 21 -44 6 30 -6 63 -15 -32 46 25 3 -73 81 76 -75 63 25 -74 91 -22 -80 18 73 -30 97 -95 47 -45 40 -78 -25 -14 -40 -12 -91 72 -99 8 -85 30 51 59 0 -78 84 21 -16 -73 42 -16 -65 76 43 2
4 -42 82 42 -32 -85 -13 -74 -96 42 -100 -74 -72 -48 38 -84 81 56 -58 -36 96 -3 41 45 82 67 0 58 -32 77 99 -57 68 33 -33 -46 1 65 -71 -23 -40 -97 90 -42 24 -30 84 19 0 44 94 85 -34 -36 48 -2 -90 72 -68 -52 -86 -66 -63 -81 -20 -85 -27 38 27 96 -34 73 -86 9 -56 36 -43 100 62 -97 -62 -77 64 27 47 79 -30 -61 -88 71 -90 -3 -95 47 -75 16 -3 77 -13 56 -94 -13 -34 87 -68 61 69 44
-99 89 10 -3 -71 -75 56 -43 -45 61 53 -89 -12 13 -25 51 46 -15 -88 27 27 -7 -96 -67 94 -27 84 35 80 54 42 10 -15 -18 34 -90 -95 33 36 45 -24 -46 -43 50 -36 -30 66 -31 87 -5 -20 -41 -7 99 36 -95 52 -96 1 -55 -32 -45 14 -19 28 -20 -15 -87 -3 -64 61 -77 -88 14 -17 -96 39 -24 20 49 -79 60 25 -59 12 -5 71 88 80 31 68 -83 70 71 -36 90 -41 72 -79 47 4 -19 37 -40 -2 8 59
34 -73 -88 13 5 -58 -12 4 94 -31 -6 -55 -64 -97 -32 -16 -89 -92 -97 88 -7 99 -97 -100 58 -64 -24 74 -80 44 -75 73 22 -53 -39 55 86 53 93 -8 -90 -84 19 94 3 65 -25 44 71 100 25 9 -60 93 49 50 0 49 65 -91 38 -92 -79 67 20 -68 -29 21 89 -58 -97 -45 -99 0 98 -95 33 29 37 28 45 99 -35 -84 -47 -92 44 -30 -50 -13 79 -27 -2 32 51 77 30 46 18 96 -45 42 -19 -91 -69 85
-30 -12 -100 89 -78 -23 57 -30 -65 -28 8 32 90 -5 -40 -1 -77 30 -91 -49 -50 -60 70 41 75 -66 64 -39 -90 41 68 62 -10 92 -19 64 -47 -16 26 -79 57 90 -57 -73 38 -99 11 -78 45 19 44 37 16 4 35 -65 58 -94 -40 46 -20 -15 -33 -63 82 83 14 11 35 -61 27 32 1 62 43 -74 -36 -54 70 -99 30 82 -37 73 51 44 86 -19 -19 -98 92 -39 -2 98 -37 42 -69 20 68 -64 -83 -42 98 2 85
-92 -44 -1 -22 83 -56 36 -38 -75 -67 50 -9 -47 -69 43 -27 42 44 -5 65 74 95 -5 42 -11 -4 90 -42 -98 40 -3 25 5 -87 27 -29 30 -18 15 52 56 -86 68 13 -93 -55 49 80 -6 -46 -61 33 -35 -9 48 -59 1 44 87 86 96 -49 17 -50 -31 92 67 -21 71 22 -33 -69 -76 77 -63 13 -74 88 98 -73 -45 25 78 91 -93 98 -27 -20 -82 80 -61 42 59 41 74 -49 47 -35 -9 36 -39 -65 -67 55
94 -63 -13 69 2 2 -10 23 -9 -22 70 -55 -5 99 -11 90 -77 -18 98 -63 45 40 -14 -22 94 -13 -83 -10 -21 -35 32 -53 17 -1 -74 -23 51 23 47 -51 -21 17 -41 34 -44 -55 -80 13 -84 37 -24 51 -56 -31 11 14 40 6 56 86 51 58 80 -13 76 -51 -35 97 -98 -37 15 -40 -5 -88 21 79 9 4 -27 70 -43 -11 -55 27 -88 -39 100 67 -80 -9 60 -21 -24 47 -94 72 75 -26 -58 -36 85 32 11
80 2 -1 60 -34 19 88 19 -96 -6 7 -100 -33 66 -47 -26 -13 -97 66 -10 -74 -72 -79 4 30 -17 -70 -19 73 57 -70 32 46 -16 -8 -22 1 52 46 0 -51 -14 -64 -9 -2 -65 -95 11 -59 -77 -10 85 -65 84 0 -88 94 -48 49 -100 52 -9 44 -20 -29 -69 0 54 39 -25 47 66 67 -85 -20 93 9 16 9 14 6 44 -67 19 -30 20 -78 46 66 0 8 -64 3 -92 14 -46 -19 92 62 24 -52 9
31 -45 -23 -88 -98 70 -42 28 66 -85 97 -51 44 -59 -100 -74 -35 21 39 48 -36 -88 -43 -93 -61 -32 16 -70 -8 -78 -41 49 -62 -41 53 -7 100 -62 81 -86 13 73 -68 28 -85 -47 19 -81 -2 -54 41 97 -52 -87 -72 60 -84 41 -69 70 -88 -17 -35 -17 81 61 -61 18 -84 89 62 74 -4 2 62 78 20 19 -80 -24 69 9 41 -77 58 91 -16 4 -21 41 -18 -83 -73 27 69 -99 26 27 26 95 61
68 72 32 -43 87 70 78 -77 -100 -10 -23 56 44 -48 94 -77 -56 -93 81 51 -25 -30 41 -82 -79 -25 75 72 -21 69 -54 -16 37 20 -69 -96 -20 63 -2 68 86 -70 -59 36 -70 96 26 -31 90 50 -45 61 -79 -73 -98 -19 4 -88 -13 21 47 62 69 -68 -58 48 -54 -35 35 43 31 -10 -72 -78 -21 -59 81 -58 -88 31 -31 -11 71 80 -31 51 68 47 -71 -10 -1 23 -99 97 -14 -61 50 99 95 62
-37 -80 68 79 26 17 -64 -53 -58 30 93 54 -77 -52 -56 97 40 -12 4 97 17 -6 -95 -67 -36 98 12 45 96 41 -40 56 4 43 15 63 -24 93 76 29 81 34 9 -24 65 -24 5 -78 -100 19 11 -56 58 93 -19 -50 15 -26 -13 -36 -20 96 -3 87 -89 92 7 54 -96 63 -56 -8 -68 98 -76 -55 72 95 -47 -39 48 -25 -1 -69 -5 88 -99 -37 -77 57 -40 -50 76 -83 -40 56 0 22 13
17 16 83 -75 -44 64 -95 -20 -27 -41 7 20 -58 31 -68 44 -93 11 -74 -65 -9 -42 -45 94 56 12 56 61 18 -13 -55 -46 -4 89 -84 -62 -23 -85 -97 -57 71 -33 41 -49 66 41 11 6 100 20 -17 -13 50 42 -88 36 53 -96 49 -98 35 -100 -43 92 16 16 55 33 -42 -96 -15 -87 1 20 58 -63 -91 -68 78 30 97 53 33 18 -2 11 -76 -79 59 -61 67 -59 86 21 -42 -33 3 94
25 14 8 76 15 84 12 73 61 1 -53 40 -71 19 70 -30 52 14 -99 3 -81 5 -23 -22 -2 -13 84 -60 18 -41 -75 92 -21 86 32 27 56 16 -98 -89 -66 -60 36 -42 61 52 82 -62 72 -49 50 100 -30 96 -74 44 65 -18 80 -44 59 13 89 14 -40 28 -90 12 8 14 -45 -10 74 -82 81 -69 27 -26 -75 57 1 66 -92 42 -20 -54 -9 -29 62 -67 99 1 -88 93 -40 -76 75
-7 -36 52 -51 76 -100 28 -82 -61 69 95 18 96 85 -20 62 77 -70 29 50 14 -61 73 83 -34 -89 -25 52 -48 57 -21 -86 -15 6 -47 -30 72 62 -62 57 -10 -45 9 -9 97 10 -18 16 -34 -9 -19 -54 16 -55 -95 72 -35 30 75 59 -38 -86 17 38 -10 73 80 16 -34 -74 56 93 -78 86 75 -94 -12 68 22 -13 -98 -53 -5 -51 59 -63 60 14 20 -80 -74 82 47 -9 -81 -20
19 13 76 79 -72 -3 -3 -38 97 -29 15 -15 -95 -69 56 97 17 91 57 22 5 -36 23 -88 56 33 68 46 38 25 -92 -50 14 89 40 -29 -66 29 -62 73 -83 27 -76 -20 -7 78 -5 -61 23 59 -44 -52 20 -98 60 -20 -97 -11 -92 -84 86 -84 33 -14 -66 4 -49 -100 30 39 81 32 -12 -5 11 -99 -87 48 87 84 -85 -84 -71 81 100 38 -77 -40 63 -89 61 15 -19 9 49
66 18 -88 -93 59 -21 57 -7 67 15 59 11 66 72 74 88 9 20 -48 55 -39 65 -51 17 67 52 -89 -22 80 -34 -53 -17 -63 -80 2 -55 -57 -98 34 20 29 -4 17 -7 -12 -65 -48 -74 3 72 65 2 -70 -18 -57 88 83 -4 -42 13 -71 -5 -23 -87 -47 -20 65 -50 19 73 -14 87 98 52 -27 38 -13 78 41 31 -19 -9 2 -67 34 59 18 71 -79 62 51 2 -17 -43
-15 50 61 -99 -60 -6 -55 -91 90 -5 -28 37 -65 17 -54 -3 -58 -57 78 -20 -92 3 14 64 -71 42 -41 80 95 -31 -100 -22 70 -85 92 -69 28 90 -18 -42 -14 8 49 30 86 -85 1 -6 93 82 71 73 75 23 -4 -78 -70 -62 2 53 46 -28 -89 0 57 -98 -48 -69 -50 89 21 78 -70 37 -53 -56 -18 -14 20 100 1 -82 91 -85 16 79 -15 -31 -57 -80 71 -12 95
-71 -31 -3 -92 -46 95 28 54 -99 -2 22 27 -72 2 92 87 17 -50 -48 52 -89 -21 -28 69 65 -74 57 -10 14 92 45 11 -65 -36 91 87 66 41 -36 -63 5 -36 -89 56 90 -18 54 -3 -5 6 -38 2 99 16 8 -68 -72 59 -74 36 53 -65 -36 19 46 -61 71 84 -67 59 0 50 -42 50 -79 38 -31 -29 -66 -86 -32 -51 -6 4 -21 -97 -42 -86 3 89 -29 -70
99 -30 -40 88 -43 -77 33 -67 -5 7 71 -48 -48 -26 -57 -24 -77 -15 -39 88 55 53 -13 -34 -4 11 -32 -15 93 71 81 14 -48 -49 88 -54 43 16 -11 37 98 29 38 -69 -19 25 -33 -58 -9 -29 91 16 -36 -26 84 -75 6 71 40 -3 -77 31 -24 -17 -12 63 39 91 -56 -82 -41 -44 -11 21 60 -35 -97 46 90 93 -66 29 -4 6 -1 18 -97 -55 -48 -35 -70
49 -56 22 -65 -4 41 -24 59 -10 76 17 -67 -21 -47 14 -50 -63 7 -3 -30 68 58 77 -46 -33 -67 -65 -42 -21 54 -15 -65 -14 90 96 -64 46 -88 -33 14 -92 60 -82 -20 86 55 4 85 16 70 3 11 -62 -9 26 -81 -74 -98 -90 76 31 -88 8 38 51 42 74 0 -25 -26 80 73 -70 -35 87 6 -15 90 76 24 -81 91 -50 5 -50 39 76 66 14 43
-98 -21 -94 -76 56 -89 44 15 79 -30 -82 37 -42 89 31 88 -17 -42 -86 32 -30 16 -42 7 1 33 2 -71 25 30 -97 -24 -9 -15 45 79 1 58 42 70 -59 -95 -48 38 97 -88 87 73 47 68 45 26 65 36 34 -29 14 65 57 -73 79 -79 -41 -8 -15 -73 40 -64 27 -84 -74 -76 36 81 -4 46 31 47 45 -43 -98 -54 -71 47 30 57 30 -33 100
93 25 29 -24 11 -4 46 5 64 -82 -35 -24 -29 -77 47 24 91 -66 23 7 5 -71 -63 31 -73 76 75 80 14 67 57 -45 -68 73 27 -83 50 -88 -91 -85 -11 -83 96 85 27 -66 -5 77 99 70 -8 51 66 68 -33 -34 52 67 69 4 -97 -62 35 -58 9 32 -64 2 73 -8 -24 67 58 93 37 22 92 -25 -51 -34 0 -94 -28 90 -45 74 -76 85
100 68 22 44 2 -70 -35 -50 39 -73 94 23 -32 -96 28 -23 74 -25 -79 33 -95 -78 -48 -18 -25 68 -80 -33 48 82 29 -29 17 14 -28 97 -2 -84 -11 13 -78 -18 -77 49 75 -7 -75 -70 -52 -33 57 -59 -3 -99 49 93 -19 -14 23 0 -12 61 -60 -45 83 27 -84 78 -39 -20 -19 -48 36 48 77 50 20 46 -16 -94 7 42 -64 98 14 -46 9
-28 42 -29 1 90 -9 62 54 -7 -82 -46 19 -43 -66 -54 -35 51 -13 -53 -56 -49 -90 69 47 9 61 -37 -44 11 -36 9 56 66 32 47 -74 -14 -73 -11 27 -48 -1 -40 -4 69 -32 -6 96 -38 18 86 8 6 73 37 -45 -9 -2 -84 -19 -65 26 -98 -46 35 -60 -97 -47 -6 -62 92 4 -99 -13 8 29 -48 -23 -56 80 -3 83 70 -80 -42 43
32 71 -20 -18 -34 34 -69 1 86 -4 -42 -82 99 3 -75 64 87 -5 -22 -59 66 19 74 77 -87 -93 -56 59 99 94 -80 77 -88 -58 -53 42 56 -3 -80 -52 -86 -73 85 -4 94 65 -22 -96 81 -14 49 70 65 2 43 -31 14 -48 2 63 -17 -9 -9 70 38 63 -35 0 10 45 9 -1 -89 95 -48 -73 72 6 90 -89 -14 34 -72 15 79
-95 78 -10 -96 1 90 -48 86 -64 -11 23 -18 22 -74 -28 20 40 -20 63 97 32 -19 92 17 -48 27 -10 91 -62 56 98 11 75 -44 18 -45 38 -35 81 44 77 94 88 82 -93 -75 94 -2 35 98 -7 51 -49 42 83 -4 -58 20 70 -5 2 7 99 -98 -25 98 85 49 51 70 75 -35 -44 75 -32 99 50 44 -59 45 87 54 -1 -54
77 -59 -19 38 -94 -17 84 -81 76 15 -21 62 4 69 82 14 4 81 -23 95 22 -47 -63 90 -1 83 -54 -96 22 99 -100 8 62 -29 -64 -22 61 -54 -50 -92 93 -95 -84 -99 52 -59 17 80 -11 -71 -94 77 8 -28 72 -80 -39 -41 -1 54 -13 75 23 0 98 -23 4 -77 25 -72 88 12 70 -22 -60 68 -4 -31 -36 8 -68 -5 -38
-14 11 -57 83 55 -88 -17 -71 -50 64 93 70 -69 -21 28 2 -21 -45 21 23 -90 78 85 -97 99 79 15 17 -34 48 -45 44 -38 -69 69 -65 76 -45 37 -69 42 -98 37 63 83 65 -13 -55 -53 -66 52 -3 -66 5 -12 89 -57 55 -100 -62 -5 -2 30 93 47 74 40 22 -38 -11 89 87 -80 -16 -3 -71 -58 37 79 90 64 78
-12 -26 20 44 19 -100 -54 91 -38 -53 -15 -85 -43 -15 59 30 63 -28 75 -76 -44 -50 -1 -96 17 34 96 -80 -48 -72 93 -98 54 60 5 -47 -19 4 78 57 91 97 -98 -83 73 53 -72 -75 38 51 85 39 96 -75 0 -46 26 -66 -60 -1 81 -44 -25 -23 60 -8 -58 -28 59 0 -16 -89 58 -65 87 -31 -78 -5 44 -65 65
99 38 -48 58 -66 -59 -72 -45 57 77 2 49 45 -45 25 -21 -90 78 4 -97 -36 100 74 75 -7 -96 -39 -47 -27 83 -60 -62 76 -16 29 66 14 32 -58 63 -59 -34 -33 66 5 27 -85 40 71 -75 64 -79 -79 84 64 3 70 40 -83 81 -51 38 50 -24 -45 59 -38 60 -35 61 84 -9 91 27 94 -67 53 -98 -37 -21
91 36 15 -52 -83 -73 47 10 17 29 -33 53 -31 39 -21 65 -92 -44 -31 -75 -85 -5 -93 8 71 32 44 76 36 99 -74 83 -85 96 -100 -38 -57 -11 80 6 -3 32 -84 23 4 0 -80 63 -94 95 -21 35 -17 30 -98 -6 -41 97 -54 -97 70 10 -50 60 -91 -8 46 64 -2 -52 7 18 80 -51 99 29 44 33 -38
-93 -28 -73 -8 37 54 87 82 -51 39 -78 -41 -11 77 55 32 -28 -100 50 87 40 -37 29 9 -25 -8 43 58 -84 -90 7 -57 -34 85 -79 -35 32 -62 -92 -10 -80 75 -64 -67 -49 -94 96 -22 -29 -39 87 51 81 -61 -21 -8 -88 2 72 0 58 -7 52 -100 6 -51 -8 51 33 84 29 -100 79 -19 -96 -91 68 -56
13 -34 -52 -47 95 -85 -76 94 -12 31 -65 25 -31 -52 46 20 64 -33 -44 27 3 100 80 83 -77 -63 19 -93 96 96 96 -41 78 73 37 30 -63 4 93 13 78 77 83 1 -80 -89 -38 11 64 -13 -73 96 53 -43 9 88 -72 -64 84 -2 -96 -3 45 -97 7 77 -27 41 -31 39 -32 8 77 -72 -24 54 42
54 33 -37 -57 -44 29 -79 42 18 82 54 15 11 -84 -62 -87 39 -94 -92 80 -25 100 -54 36 94 57 9 35 -70 -82 -6 -25 2 -71 -21 4 74 -56 -67 -63 61 31 -5 96 -63 -22 -76 -42 45 -33 -63 56 -61 -8 2 51 -76 85 -66 50 -97 -11 55 -95 -60 -74 -5 -5 69 -44 -12 1 -59 -49 62 -15
-51 16 -49 -78 16 82 -91 96 27 -61 -55 -36 26 -24 -100 17 10 -25 31 -48 42 100 -31 80 1 -93 -83 -14 49 40 -52 15 65 21 83 8 15 76 -50 -52 -41 -3 -3 -88 51 59 16 19 -97 84 -93 -91 -82 -9 -71 38 -73 36 -96 29 -86 -53 -75 9 -3 -69 53 -16 -26 -57 -46 -5 -68 40 6
-45 27 -11 -68 38 54 83 -87 12 -99 29 26 73 -75 -57 35 -85 46 -49 73 -39 -45 -91 -21 -22 16 -99 30 49 -32 74 -21 53 -52 84 58 78 -35 -70 86 8 91 -40 -44 -42 -72 86 48 -75 93 15 96 17 43 -12 70 -59 6 -68 65 -1 86 -74 18 -69 76 41 18 -80 44 10 66 73 69
-75 -14 13 67 86 -63 55 45 45 33 -4 58 6 10 84 -15 -69 -8 86 67 -75 -39 84 20 42 -26 81 -38 4 17 -60 -4 -29 74 -61 52 -61 95 30 -14 -4 -36 -35 -89 -20 -18 42 14 -79 -2 -84 -94 -67 68 7 39 -77 -49 21 65 -31 -32 66 -41 69 -23 -57 -14 -1 75 11 1 -17
-31 -92 92 -87 95 -86 49 -41 -53 84 -77 -82 -82 -43 25 69 -15 -48 -3 -24 99 31 -12 64 -48 -70 -97 33 27 -65 -34 -4 -96 94 37 90 10 19 47 60 72 -72 53 80 84 -58 -57 25 -12 13 -50 -17 28 85 18 63 -46 66 -47 -59 45 49 -78 -35 -34 -59 -61 62 28 -40 6 -52
77 9 34 -27 92 -56 30 57 11 -94 89 -79 17 -73 73 65 61 15 49 23 18 89 31 56 -8 87 -50 61 56 -61 72 -85 -37 -7 -48 59 33 -80 14 -38 78 60 49 82 25 0 76 -99 72 -36 37 -97 34 -99 14 17 -93 82 53 -91 -26 9 97 87 -35 97 -82 39 74 -87 28
-44 -13 -49 -16 27 60 -28 67 14 59 42 86 -56 -44 16 7 -91 -11 -72 -72 -45 -72 41 50 61 89 29 -82 75 -46 21 19 -40 -18 22 -74 -6 73 39 80 -58 76 20 20 -97 -100 4 75 84 51 -92 -57 22 -10 20 53 -26 6 -17 -42 31 -75 -68 -53 90 -27 51 17 -5 65
-18 0 -91 59 -57 41 -2 17 6 -94 -77 -72 -97 -53 39 43 -88 66 37 -38 4 7 30 16 -21 -71 -41 -71 -90 34 -89 57 -83 45 77 -5 -81 16 -47 96 -59 -15 -9 -44 25 10 -64 19 99 -18 -37 -62 95 -78 54 69 -25 -11 72 42 30 -24 -56 -8 -93 20 12 22 92
7 15 37 87 -26 11 -16 84 -26 44 -18 36 32 93 -93 6 84 -33 45 16 -58 25 31 59 85 -19 49 -55 53 7 50 -30 -35 15 14 -100 -77 36 74 -34 2 -11 -27 -88 72 53 -84 -64 57 -40 -40 78 -51 15 7 -100 38 -19 100 9 -13 -4 22 34 61 25 -64 72
24 99 -59 62 -60 18 45 -30 54 65 -50 -87 61 -23 84 87 -91 54 -70 2 39 86 -19 -38 -33 73 -8 -57 99 80 -73 -87 -36 -84 -65 83 22 -31 -13 -74 -97 49 -4 18 23 65 45 -50 -53 2 31 94 -38 -17 -3 3 -52 32 -61 49 66 15 -57 83 -23 41 56
60 -47 -56 53 -98 -75 -24 -76 92 78 -20 76 27 6 -41 -43 -46 80 -50 -51 -96 -37 94 -73 -83 44 -32 -27 82 -64 -95 76 29 -61 89 -12 -87 31 51 -54 14 -71 -22 -61 86 83 12 91 75 -6 -8 65 61 -58 20 25 73 37 -16 -50 62 50 76 90 -62 2
-97 -65 -71 -19 -96 -72 17 48 91 -89 25 77 -66 -6 -39 -7 91 -46 -85 -79 -47 -54 -15 11 79 -39 -33 -50 -23 -76 10 -34 -38 -82 56 94 8 -55 -81 75 -32 51 40 -51 7 -11 -14 -50 74 87 77 16 69 -59 -72 100 50 5 86 -79 27 -14 7 32 -95
-1 42 83 81 -91 91 -17 -34 70 41 -5 74 18 46 -11 -9 -33 -100 86 -53 -47 17 92 -83 56 -78 -5 87 19 95 -66 -16 72 49 -9 -52 -98 45 -94 -54 34 53 25 -32 -58 -70 -27 43 -36 -18 -69 -81 -18 60 -71 0 -89 -60 -75 13 -49 38 64 -64
-32 -55 43 71 -51 -71 24 -87 68 54 25 38 47 97 54 -79 15 -56 74 67 34 7 28 84 84 82 100 -94 -54 63 85 -87 70 8 -38 -26 -67 -99 3 -52 -95 -61 40 -89 94 9 93 80 85 -43 9 -51 -92 -77 -6 87 -44 -53 56 98 43 84 16
30 -51 6 27 45 86 67 24 -41 84 94 -60 27 -37 17 -82 92 38 44 79 -61 -53 -61 -94 -63 -93 53 42 54 21 -19 -7 -42 85 37 71 74 -61 45 27 -73 -22 84 37 31 -42 11 9 96 -80 -44 -100 98 -13 -75 85 24 95 -60 -29 0 -13
32 -76 52 38 92 -6 6 -93 -92 -89 30 6 -42 89 -39 20 -26 65 -77 -5 3 -77 -94 -74 58 -19 51 25 98 -73 -9 5 -8 9 36 -78 6 99 -99 43 -81 -48 -83 -20 -1 26 8 -67 0 70 79 26 -54 -36 -64 -13 -54 72 -90 97 -68
-11 67 -89 48 -88 49 -88 -42 58 -8 -8 -36 12 -42 63 58 -74 -51 -11 0 -71 -32 40 -63 -100 23 96 22 -8 -48 42 -51 3 -100 -40 11 80 -48 19 59 -8 -91 -54 -11 -57 48 -10 -38 94 90 3 96 25 -53 -36 -85 19 74 46 -21
-28 21 90 61 4 -50 93 -32 15 -83 -12 99 47 97 -57 85 -34 -87 -73 -72 -1 52 2 -28 46 34 -48 32 -37 -22 4 57 33 40 76 -51 -53 92 96 -99 -64 50 -42 -73 52 -61 41 78 -63 -67 38 41 -54 -65 17 57 -24 61 45
-66 -97 90 -61 -54 44 76 17 78 -14 -24 -35 -33 8 -96 -80 30 -60 -29 -92 -25 -38 86 -35 92 31 33 7 94 77 -55 -87 23 44 -26 38 -10 -63 -18 -4 -63 -78 61 82 42 13 -79 10 56 -77 -55 -95 -39 -8 81 86 -51 -64
64 -85 72 -29 -51 65 -10 81 -45 61 -50 -97 75 -88 -13 -82 7 1 55 48 -88 -63 82 31 -40 93 89 -99 -14 23 -41 67 30 -17 5 0 15 -21 -21 76 -30 63 60 -77 -97 -29 72 56 20 42 -43 75 -28 -28 -65 -17 -99
64 38 97 -52 -95 -97 -100 -52 -1 70 -39 -53 30 -78 95 -63 -20 -19 -54 -18 -54 -14 -27 4 10 -99 61 50 33 -86 84 -22 23 57 28 28 85 56 48 13 -19 -17 -16 96 -69 -57 -85 19 94 -90 -62 25 97 -84 -36 79
89 -81 -9 -79 40 -8 19 -1 -74 -51 -72 13 -77 97 40 -28 -79 -60 -93 0 3 0 25 -86 -29 -22 95 -5 91 49 -58 -74 -6 60 27 11 -51 -73 60 -25 13 49 -33 54 92 -49 12 99 99 90 -34 87 44 50 -90
6 6 94 61 19 67 -72 -61 13 -32 -91 71 47 70 28 31 21 15 -86 82 4 38 -37 17 -24 -83 -3 48 9 24 69 -92 -14 67 27 21 64 38 4 -91 75 -80 79 -32 68 -58 -2 -15 -31 88 -94 -32 10 35
97 -58 -86 -35 86 -6 -28 4 -17 11 -86 43 16 50 -30 31 -75 32 -2 -17 86 -80 -1 28 88 29 -31 -45 -53 -87 -82 -100 -71 29 75 15 -94 -95 -40 21 43 50 88 93 84 -90 -14 -97 24 -90 52 -64 38
-90 20 52 31 -3 -79 -73 58 10 32 -8 71 75 37 76 -83 60 -80 -43 -3 -78 -98 -12 84 77 68 -48 42 62 -98 54 -8 13 -31 -10 100 17 89 -37 -80 -10 -38 33 49 84 26 79 -3 -29 34 -29 88
-9 -96 32 37 -99 -95 -68 32 91 -84 13 -77 -96 -2 -75 18 -28 -4 88 -24 22 -39 7 33 -80 43 81 74 79 -61 -16 -19 20 -39 -74 -67 4 97 86 -5 -82 34 59 -56 -88 16 -49 40 32 -52 84
-27 68 88 -47 4 31 -26 -65 2 99 -75 5 11 8 44 -68 -11 -65 -91 37 3 95 64 -54 48 -91 -64 2 53 -79 -33 90 51 -75 -85 -98 -15 42 -74 -10 27 -6 78 59 -27 -10 -14 0 -44 -46
-15 9 -59 -16 23 -83 40 44 -63 21 -62 -58 9 89 93 -18 68 25 -2 79 85 19 7 40 -83 69 91 -31 -60 46 -94 20 -28 -11 3 3 -49 33 90 37 -56 13 -45 -10 47 -58 -37 11 -94
81 7 -74 8 -74 0 77 10 -68 -20 6 10 32 86 1 58 17 95 58 -91 -47 28 6 24 24 -6 93 -58 -45 65 -4 97 -86 80 -66 75 11 31 -90 20 46 5 -82 -55 -32 51 47 90
30 -64 19 -46 61 -91 3 32 -93 94 -25 -95 -7 -29 30 -69 19 -21 -44 100 45 54 4 -54 18 -30 -99 60 76 -29 85 25 -93 59 -78 -49 86 73 32 68 76 -40 5 19 22 -26 -87
4 -2 -84 62 -7 73 -32 -76 57 32 -33 69 14 86 -72 -70 -55 -8 4 60 -28 84 -46 13 -18 -81 17 -77 -52 -44 11 34 32 27 -61 -51 66 6 5 52 44 92 29 -45 48 -2
-82 80 94 37 -46 74 -66 64 85 -7 -41 -43 75 -78 21 -57 -30 -40 67 67 -68 -78 -17 47 60 -56 30 86 5 -33 -75 -42 -24 7 46 54 57 80 95 -49 82 23 -94 -2 40
87 -17 -75 -28 -61 -20 -64 85 -1 40 -85 74 -68 45 -77 -9 77 79 74 30 79 48 2 82 86 -41 83 -73 75 -75 -9 17 -17 -72 73 -93 46 68 4 -64 87 25 21 -43
44 -39 -3 39 89 73 88 -61 90 -18 -18 -65 59 -87 67 75 62 62 42 89 14 11 43 -58 94 3 100 24 17 98 56 -26 64 54 65 94 98 -78 -51 35 65 70 98
-100 66 -51 34 -16 97 -79 4 37 58 -78 69 -41 14 66 63 -41 -44 -85 59 22 -84 85 -16 -99 -3 -9 -11 -70 58 -99 -30 -48 62 50 -1 31 74 14 -91 -8 -30
-62 -75 -73 -8 13 -35 22 78 -45 -32 3 29 46 -55 -6 -64 67 20 69 69 -49 -71 -2 -78 -89 91 -60 38 -61 54 -18 0 46 -37 -82 87 88 -100 99 -43 55
65 49 -75 -18 -35 -21 47 40 -31 -42 47 27 -63 -71 -23 -11 63 10 85 77 61 -74 -87 -70 -18 79 -37 -32 90 94 -57 -11 -66 65 -43 47 -23 42 -42 -23
-97 -44 97 85 23 25 48 -24 34 78 -52 -80 40 -65 -7 -65 -49 53 100 -35 -18 33 22 -30 2 33 -41 -61 19 35 86 -68 11 80 51 -35 -55 47 -58
-80 74 39 71 18 -52 36 76 -57 39 4 23 -4 -37 57 43 57 25 -4 5 16 -26 -94 58 87 -62 -80 -49 9 -20 -11 85 -18 42 -32 -97 72 -29
-18 -89 59 -77 -13 98 21 -26 60 76 -81 27 22 3 -18 -85 -54 75 -81 -15 -12 -99 -6 -22 31 -70 -85 71 -34 -69 -24 73 98 -46 31 12 -73
63 -25 36 76 99 -73 -44 54 15 55 -3 -79 -77 -38 11 62 5 -59 -95 -49 -26 -19 -43 -70 -21 -8 22 -63 57 21 12 -98 -23 -30 36 60
66 65 -88 90 -66 -49 -57 65 -21 -19 91 -41 -86 -14 10 -65 31 -93 -90 -46 -2 15 65 -66 11 12 -8 -54 -43 22 94 -82 -63 96 15
-62 5 91 15 5 57 65 -11 -75 84 21 -49 14 31 -11 84 35 -93 -60 13 52 -62 -89 94 50 1 54 62 24 -1 73 -93 93 -98
-10 70 -37 -43 -65 81 -82 -13 -66 -81 13 -39 18 -62 -14 41 -79 -44 12 89 -67 51 -70 -53 -61 95 -48 50 38 71 -20 -63 -60
-67 67 -70 79 -25 -4 12 26 49 77 -36 6 65 -79 60 -72 -82 1 92 17 -30 -30 -94 -59 -39 0 22 -30 93 9 -43 22
-57 -73 -6 -4 91 -89 -92 47 96 -43 9 62 49 10 31 64 -78 25 -30 -3 83 -1 -94 37 57 54 97 -62 60 -33 34
-72 26 49 -97 61 -70 4 -21 -49 -89 -26 53 43 -28 65 -7 -73 -82 45 83 50 -40 87 -68 -62 -16 -73 14 73 9
6 -1 -85 -7 67 21 60 63 -68 28 -3 33 43 87 37 -59 8 -71 60 28 24 92 -53 62 38 -75 -57 -96 68
81 100 62 -60 31 53 -46 -92 -52 62 3 -33 100 -14 -52 18 84 -80 78 -14 47 -1 15 59 69 -84 86 -8
-68 65 71 85 26 -76 -12 19 17 32 -73 68 19 26 92 84 72 60 -36 5 -98 98 -68 68 -15 -40 79
-4 21 -30 83 38 -45 14 19 -11 -25 -18 93 -40 20 20 31 65 100 -45 -97 27 13 70 -42 -30 -51
-87 77 -76 -8 34 37 -67 -58 95 -22 -40 40 12 -42 39 72 35 -87 51 -34 -3 22 79 -85 -56
99 60 -55 35 -24 -37 30 36 -12 -93 22 -42 95 -60 -30 -48 -79 -81 -37 -77 44 96 32 51
-57 -4 84 17 53 10 -64 -37 -59 79 -24 55 -24 -29 70 95 -58 -34 3 -40 -3 94 -25
-98 49 -62 0 93 7 94 94 -94 86 56 -91 92 -39 38 -50 52 42 89 57 16 8
-86 -16 -96 -5 11 -13 52 76 89 -96 85 -57 -37 76 28 100 -76 93 32 -30 -54
95 -9 -14 -33 -97 -18 -73 -29 92 -20 34 30 24 -38 75 -76 84 0 99 8
-11 5 -42 -91 -11 59 59 81 -84 25 33 -53 -46 -93 -21 6 56 96 96
4 21 -74 -20 13 -24 53 53 -33 -76 -41 -35 -23 24 -44 22 40 68
66 -46 -39 29 34 -37 29 69 13 -15 -54 18 56 72 -16 96 -25
5 -41 93 -33 -88 76 56 20 46 79 -28 13 -34 16 -42 63
6 53 -14 24 -85 60 -90 86 -23 -83 -91 46 -91 -18 23
-74 48 -97 96 83 -9 -88 32 64 94 36 50 -45 0
84 92 -97 -98 -52 -90 57 -32 40 -92 16 31 60
58 -61 32 26 78 51 -74 -28 38 41 -83 -77
-30 95 18 26 -84 -47 -19 -33 12 -9 -57
96 32 -89 55 97 -39 93 -23 -8 -10
-41 50 37 -21 62 20 -95 38 49
0 -26 -42 -41 73 -83 51 -54
19 12 11 26 66 10 -46
-22 81 -32 -88 77 43
-68 -51 -29 -40 -67
13 -75 -96 -38
56 53 -7
45 -83
96
