25
2 10 11 14 7 19 2 18 10 12 4 16 8 18 8 6 16 6 4 5 14 7 17 3 14
9 23
3 16 23 9 13 22 21 19 2 14
21 24 6 14 18 22 13 2 16 19 25
23 14 24 20 17 18 10 2 13 5 15 8 6 12
21 18 24 16 17 8 4
18 3 9 22 11 15 25 4 10 14 24 23 6 1 17 8 5 16 13
25 4
17 7 8 18 24 21 14 5 12 4 1 25 6 2 23 9 11 19
20 1 16 6 9 12 25 18 5 7
12 9 2 7 24 4 19 16 21 13 22 5
16 7 2 21
11 17 20 18 21 12 24 2 5 9 13 8 7 25 16 10
2 21 12 11 3 8 15 6
12 21 3 8 24 9 23 13 19 16 11 1 25 10 15 4 6 14
24 10 18 1 4 25 14 23
4 10 24 8 23 13
1 6 8 5 24 7 21 11 12 18 16 23 22 13 9 17
2 11 19 17 10 24
13 8 9 22
7 20 25 11 1
1 12 8 14 23 25 19 11 13 22 24 16 3 4
12 9 19 3 1 6 23
16 2 8 24 11 5 19 23 12 17 9 14 6 10 25 15 1
11 20 18
7 2 23 11 9 21 15 3 16 12 25 17 1 22
0 0 0 0 0 96 0 0 -12 0 0 94 0 0 0 0 0 0 -89 -33 0 0 0 0 0
38 0 0 0 0 0 0 -68 0 14 0 0 0 0 99 0 18 -91 0 0 0 0 0 0
0 0 0 0 0 0 0 0 0 0 57 0 0 0 -46 94 0 24 0 0 0 0 0
0 0 96 0 -61 53 0 -42 -93 -86 0 0 0 0 0 0 0 -67 0 0 0 0
0 0 -69 0 0 54 0 0 0 -52 0 0 0 0 0 0 0 0 0 0 0
0 -42 0 0 0 97 0 0 38 0 0 0 0 0 0 0 29 0 0 21
15 84 -71 85 0 6 0 0 0 71 0 0 0 -5 41 45 0 0 0
0 85 0 58 0 0 0 0 0 0 32 0 0 -99 0 0 -42 5
0 0 0 0 0 0 -27 0 0 0 0 -22 0 0 0 -33 0
42 0 -44 0 0 0 0 0 0 0 -41 0 0 1 0 0
0 0 0 0 85 11 42 40 0 0 0 0 0 0 0
0 0 0 0 0 18 0 0 0 0 0 0 0 0
0 0 0 67 0 82 0 0 -12 0 91 0 0
0 0 0 0 0 0 0 0 0 0 0 37
0 0 0 0 0 0 0 0 0 0 0
-54 0 4 0 46 -47 0 0 0 0
0 0 0 0 0 0 -56 0 0
0 37 0 0 0 0 0 0
0 0 34 67 0 37 0
0 0 0 -95 0 0
0 0 0 0 0
-74 44 0 0
-24 0 0
0 0
0
