100
32 52 26 25 51 35 37 24 38 16 72 14 22 72 58 42 64 19 30 15 20 46 67 51 62 24 19 42 25 30 30 25 29 28 30 5 12 4 67 8 19 62 35 11 46 11 73 12 62 32 12 74 54 61 74 12 72 63 18 7 13 19 70 59 7 74 1 64 5 39 51 69 69 64 57 25 60 70 18 10 7 66 50 65 56 46 38 73 44 64 31 68 24 40 66 31 8 38 49 58
66 4 68 44 29 24 88 75 30 37 57 26 49 28 74 5 6 65 53 40 100 43 55 7 86 23 52 42 84 99 20 81
84 93 83 32 62 52 18 58 72 50 73 61 87 20 100 59 88 89 97 70 1 3 56 21 96 92 4 7 10 75 57 29 76 31 38 25 49 2 77 8 65 68 94 33 64 60 80 66 99 14 39 28
66 20 71 67 25 69 82 47 89 9 27 13 4 43 34 48 70 68 93 87 14 64 55 56 59 90
2 46 77 83 42 87 1 65 95 45 56 15 64 34 10 11 96 24 4 39 51 89 88 71 23
78 16 88 72 83 76 86 87 30 79 34 31 40 19 54 67 15 61 65 26 99 84 75 5 41 39 23 92 53 97 1 66 47 56 90 12 64 44 25 29 10 85 68 82 49 59 91 93 52 51 55
66 75 8 20 91 9 94 24 100 10 35 54 43 67 17 49 81 68 22 79 97 28 71 84 53 3 13 23 98 1 12 41 40 89 88
41 96 10 35 26 12 87 16 65 46 32 1 40 92 81 78 72 59 39 3 52 38 95 49 53 75 45 57 11 42 7 21 100 9 66 50 74
28 75 89 84 30 52 82 21 95 90 47 81 3 93 11 23 58 65 92 25 91 69 85 8
89 80 91 88 81 5 99 1 86 83 70 62 27 10 13 97 90 69 20 26 6 28 63 41 58 85 93 52 96 75 17 64 53 22 30 44 34 21
39 73 17 80 36 3 28 13 99 14 37 62 89 71 52 97
57 15 60 42 48 50 20 45 47 43 33 10 83 70 14 29 25 13 74 44 27 75 21 36 67 68 28 7 8 63 85 53 11 22 66 84 100 58 3 80 4 46 5 76 2 98 56 32 61 31 51 81 23 1 96 94 77 95 59 99 79 55 9 49 16 93 6 91 41 97 24 38
74 2 35 53 12 46 59 30 17 37 42 24 76 18
35 17 16 38 4 71 99 54 10 98 66 12 97 11 65 22 93 69 6 3 59 75
34 70 62 74 43 71 85 19 5 67 52 75 45 31 53 73 40 57 2 35 69 28 10 23 46 54 76 61 41 9 30 25 44 29 33 26 50 58 89 93 78 51 1 22 59 95 47 88 91 81 27 18 65 7 96 92 84 87 77 48 37 15 36 99 6 94 4 82 60 86 64 97
60 25 54 75 90 8 49 59 17 16 3 72 73 50 13 68 55 77 86 85 70 64 88 51 95 96 30 65 27 62 37 58 31 83 9 93 69 53 52 10 29 32 2 34 6 11 22 97 94 33 41 42 48 28 43 100 1 91
18 75 21 99 29 55 24 36 2 40 44 81 48 10 74 33 20 1 11 69 90 95 17 76 77 14 4 82 91 27 88 25 100 66 59 93 5 41 70 79 26 49
87 88 8 63 51 32 55 7 81 9 16 50 76 42 48 96 52 36 19 90 10 25 69 84 38 29 49 46 15 99 60 44 74 1 93 82 13 62 11 20 71 68 21 67 80 22 2 41 56 59 14 64 73 28 70 40 37 12 6 98 26 54 18 75
21 4 2 80 5 47 98 41 69 65 27 42 57 78 87 73 82 26 92
65 14 86 31 45 71 78 49 70 27 76 13 38 34 83 66 87 84 23 68 77 9 15 52 39 36 26 24 48 57
6 51 2 10 27 41 30 74 36 23 21 18 58 54 25
51 79 2 27 26 17 31 69 99 61 54 75 10 16 48 34 53 14 86 82
32 46 24 93 83 94 85 86 87 8 77 100 64 97 51 89 10 26 28 55 15 25 57 62 91 99 11 49 82 3 44 96 78 58 50 23 88 4 63 67 48 73 38 68 72 59
84 67 15 2 35 40 5 62 57 28 44 9 17 81 4 24 7 18 41 26 21 37 1 33 49 14 38 66 83 59 72 23 22 86 63 89 75 13 27 55 60 92 70 96 6 65 46 32 16 58 98 12 99 73 64 50 69 39 61 19 100 95 31 34 74 93 3
7 30 11 2 39 96 91 20 23 78 82 44 88 89 18 35 70 55 1 73 72 33 5 34 54 63 42 38 15 26 66 6 83 17 90 60 85 61 28 4 19 10 32 22 67 29 16 97 40 50 84
68 69 90 64 20 26 18 86 65 78 54 49 1 59 17 5 94 13 56 28 27 58 74 48 32 60 51 98 25 99 11 83 82 36 87 57 80 52 12 46 19 41 23 66 10 22 3 8 15 30 21 84 45 33 2 95 55 62 47 4 97 75
80 93 72 64 19 9 92 2 1 67 96 70 79 12 29 53 71 78 48 100 62 76 84 58
2 94 97 9 16 23 79 84 52 41 78 5 28 42 74 89 56 67 100
26 49 15 38 89 3 91 75 8 32 55 18 73 46 40 50 16 28 22 87 19 79 65 96 47 44 68 63 53 60 48 25 35 59 92 66 90 31 13 21 51 71
56 34 45 67 51 14 38 97 78 77 8 37 27 81 92 54 15 79 18 1 33 62 90 61 9
38 69 20 87 82 62 17 60 11 92 34 41 77 48 97 84 43 96 80 91 65 16 50 10 68 56 30 51 37 63
91 73 58 49 55 41 93 68 32 99 4 90 96 66 62 76 15 20 25 50 74 30 13 70 53 44 65 1 95 52
58 39 25 29 93 86 66 96 82 13 68 8 55 35 57 53 62 15 70 44 38 28 90 49 73
15 32 63 35 75 23 52 66 76 37 57 91 19 5 14 84 70 46 61 72 34 43 33 55 47 21 49 3 95
92 39 18 84 69 51 86 66 31 60 71 3 8 24 72 19 44 62 59 7 11 35 81 43 53 16 82 79
16 99 75 57 66 71 13 9 85 74 37 48 60 51 33 96 97 100 27 3 11 80 41 90 17 7 83 52 49 78
69 66 72 77 7
46 8 59 13 29 62 86 88 82 80 16 77
80 32 27 56
58 84 13 68 80 92 40 94 65 63 54 4 35 26 24 100 32 51 3 1 79 30 10 25 8 2 57 27 45 20 31 61 15 53 67 71 41 42 11 37 88 49 16 93 36 18 70 60 33 47 12 17 75 82 66 64 76 5 43 85 56 59 69 22 14 96 50
87 92 34 81 35 30 36 68
8 88 75 30 15 56 96 38 68 86 55 69 6 98 89 93 43 20 36
97 45 6 20 36 28 62 86 74 40 85 89 47 78 16 13 37 21 18 98 94 48 3 99 15 35 55 90 24 23 83 1 46 7 27 56 17 30 29 92 33 72 66 88 52 8 69 68 64 53 91 96 42 61 12 32 39 73 38 31 95 100
48 36 81 27 16 12 70 3 7 76 26 92 4 40 55 5 75 50 25 1 10 77 45 66 47 99 52 43 11 95 71 20 34 67 62
25 53 86 24 64 3 96 47 34 82 90
6 67 21 100 44 63 48 4 42 65 29 35 81 61 12 11 33 90 93 3 56 84 31 72 51 32 34 8 24 88 80 66 30 94 25 10 98 43 95 47 64 57 97 52 45 89
64 25 53 27 23 82 80 56 12 74 90
19 18 3 94 59 1 42 50 17 33 45 63 100 9 47 71 53 31 91 78 62 26 39 10 14 55 41 22 40 11 60 69 88 87 77 70 61 51 92 21 58 2 25 37 32 79 72 96 93 46 75 28 66 57 65 36 81 38 74 99 54 16 73 80 68 34 76 4 67 82 8 83 35
39 69 71 31 86 100 18 12 77 84 20 8
81 23 58 19 52 69 72 79 29 64 49 33 11 65 87 94 46 97 35 16 67 95 47 10 93 3 14 38 34 77 42 44 55 4 32 43 62 48 57 54 96 8 2 76 59 31 24 78 37 63 53 25 92 17 51 73 41 18 36 99 85 61
15 100 63 50 67 54 27 75 51 72 12 73 23 99 92 26 47 19 97 57 46 44 71 10 62 77 3 59 56 45 20 40
75 64 57 50 6 43 73 46 44 84 39 12
79 11 42 41 75 53 54 13 84 22 57 52 95 19 16 25 63 14 60 1 46 29 70 51 85 77 43 65 97 45 47 66 61 5 78 31 93 4 6 98 56 50 58 39 36 37 72 34 9 96 92 40 21 87 44 100 69 73 8 12 49 7 17 64 62 28 35 89 18 71 10 68 80 55
49 29 35 10 84 21 89 67 44 51 43 16 31 5 28 53 85 99 4 42 70 38 20 61 13 40 95 19 8 80 26 59 79 87 41 98 36 48 94 50 57 45 9 23 64 39 100 58 54 92 78 60 24 52
10 41 64 59 37 3 16 61 45 84 2 34 6 11 44 12 80 95 89 57 53 77 5 99 87 25 20 86 48 97 19 73 40 29 65 39 81 88 7 60 91 13 50 93 24 82 33 74 76 56 21 31 69 1 67 79 9 27 83 14 36
8 64 82 80 22 32 72 85 51 1 90 77 66 4 83 55 36 39 13 43 27 28 54 68 44 75 61 65 7 96 95 26 87 89 18 3 30 69 25 24 14 81 73 92 78 57 15 62 48 10 31 86 46 74 38 41 47 88 100 37 23 70 99 20 12 56 16 33 58 93 60 5 97 49
99 32 61 62 42 29 77 91 95 22 15 80
70 81 84 40 28 85 77 60 17 98 57 99 13 74 34 86 44 2 89 66 11 37 51 30 8 29 43 53 15 79 31 7 63 32 93 9 39 52 92 55 97 4 12 59 73 82 96 56 38 10 41 47 64 23 50 69 75 54 49 71 5 88 25 19 21 61 78 18 87 62 91 45
35 31 50 65 6 18 69 40 39 52 82 42 46 51 100 73 53 54 67 26 29 56 76 84 4 99 93 92 55 72 97 71 7 3 1 44 83 77 28 85 16 61 62 70 21 75 96 30 43 66 80 34 48 22 87 2 81 17 10 13 45 24 19
17 42 65 43 45 28 33 34 99 37 56 55 79 36 41 20 63 84
82 47 58 90 17 24 42
21 39 31 27 66 54 94 42 70 20 48 46 22
22 64 65 10 83 8 33 70 90 47 78 12 27 5 72 96 16 31 35
71 48 4 41 44 49 62 39 6 18 78 63 69 10 27 92 67 61 12 65 46 29 82 3 90 74 73 97 1 42 58 100 54 88 43 85 83 7 50 53 20 13 91 76 34 22 38 16 51 89 45 59 57 30 40 98 99 5 2 70 37 95 64 9 87 93 60 52 26 24
59 98 2 14 21 15 80 13 67 37 51 53 91 52 28 73 17 42 32 49 36 16 3 57 85 11 20 24 86 47 74 81 22 60 50 45 29 76 38 58 69 70 87 12 61 39 34 1 48 5 84 26 77 79 62 99 83 65 8
19 57 46 45 25 52 5
31 20 55 2 38 89 14 87 83 67 80 74 82 75 93 7 73 100 92 61 17 97 4 34 53 44 84 51 78 36 76 50 58 6 68 5 11 45 90 99 42 65 24 29 41 47 96 27 22 66 23 3 59 52 26 25 85 71 18 12 60 94 40 70 15 19 32 79 16 35 30 49 77 98
8
5 78 37 9 15 43 86 77 61 79 56 53 2 92 48 31 45 34 10 57 59 39 100 80 97 21 8 42 83 6 54 1 67 46 36 81 91 99 32 93 95 60 69 12 65 24 75 87 22 62 28 40 73 17 51 74 19 50 25 90 44 70 27 88
89 41 99 15 37
36 34 87 16 27 5 75 40 89 18 22 31 79 77 67 47 88 3 63 8 2 46 92 83 96 25 11 100 24 57 51 52 78 37 13 45 10 4 38
1 62 34 61 51 35 59 3 64 28 56 23 89 17 84 14 41 68 72 5 75 13 15 53 78 39 91 88 93 92 31 18 40 82 48 77 25 8 22 83 20 10 70 26 4 66 95 29 86 58 36
96 57 51 84 23 40 47 59 77 93 5 27 76 95 7 13 67 92 28 22 3 91 15 34 19 80 2 1 21 38 41 14 87 68 4 20 29 100 71 63 75 36 72 88 70 32 62 89 39 10 97 33 24 37 11 58 81 12 82 44 16 74 25 35 6 30 85 78 64
56 18 98 79 38 96 63 75 40 31 58 44 53 67 64 87 12 65 5 54 1 60 50 28 46 51 15 45 29 2 19 61 47 9 77 3 90 89 21 88 99 42 91 73 95 97 82 92 72 8 66 25 52 59 86 78 37 35 39 68 6 93 62 24 80 14 57 26 71
4 64 80 10 77 73 84 57 94 16 28 45 18 29 59 68 48 38 81 66 92 95 17 12 75 99 32 58 42 67 46 82 37 21 49 47 86 51 20 2 22 96 6 85 15 26 23 31 55 1 14 79 35 63 11 13 56 34 90 88 36 65 70 30
98 47 94 6 31 77 26 22 33 29 28 72 83 15 73 55 2 68 5 99 19 82 57 48 93 25 30 1 60 44 69 3 79 40 85 90 39 80 84 7 35 18 8 17 97 100 43 50 27 24 9 76 64 78 96 45 89
16 19 38 63 99 100 64 1 88 78 31 54 5 3 7 73 69 96 6 80 51 65 86 81 76
11 58 2 79 53 75 43 3 56 87 48 57 90 50 67 73 68 55 8 60 76 51 22 49 52 64 44 33 81 6 100 29 89 7 82 20 37 47 42 14 96 17 46 23 5 95 10 26 19 15 40 98 1 16 71 45 9 74 65 61
49 47 65 18 58 53 15 83 25 84 32 95 4 42 67 17 35 13 23 40 39 68 45 82 75 89 11 59 37 64 80 90 74 81 93 41 6 54 10 100 99 76 51 3 88 7 98 38 1 72 22 2 26 87 9 77 14 91 16 56 52 71 60 31 8 44 50 57 5 29
30 53 43 37 36 48 70 76 35 42 61 95 23 63 24 80 59 81
50 64 6 35 85 18 24 26 71 27
24 10 4 68 8 57 49
55 15 46 88 23 64 6 48 62 7 19 100 94 77 8 5 22 63 4 82 81 86 59 45 52 10 18 68 34 36 93 31 74 71 78 85 84 76 91 90 66 28 57 69 16 53 89 9 43 33 44 67 50 1 47 14 3 70 95 30 20 24 2 92 38 42
9 40 57 95 90 69 87 11 7 85 65 93 91 79 89 29 42 28 27 3 83 72 78 71 73 58 47 35 92 64 50 13 55 2 48 41 37 23 77 33 84 98 59 39 6 19 30 32 1 38
20 53 54 41 64 6 70 79 78 10 7 17 14 42 32 5 71 87 96 31 63 4 18 11 26 9 95 51 13 2 59 33 40 57 75 66 69 8 1 65 99 60 39 83 82 80 30 50 52 77 89 45 24 73 36 44 25 21 100 91 81 76 58 35 19
27 20 16 43 34 26 12 72 49 30 56 80 45 82 60 84 92 76 67 19 79 32 38 64 69 88 21 93 22 35 37 58 77 47 55 6 36 61 1 10 13 74 23 50 44 33 39 96 90 78 2 98 100 25 70 18
24 98 82 62 78 7 77 91 35 88 92 18 29 2 8 87 9 20 74 80 96 3 46 69 12 90 32 23 14 68 70 27 34 10 79 93 54 94 99 56 36 17 55 63 71 38
67 71 56 76 88 82 73 10 98 21 16 38 20 40 12 22 55 60 77 13 94 68 30 36 69 41 31 79 96 6 65 7 14 19 84 45 85 95
91 35 88 40 49 81 18 21 17 5 62 37 11 77 27 96 16 42 34 85 60 99 26 8 97 47 23 15 43 56 4 51 87 48 3 74 6 32 84 65 90 19 9 14 80 100 71 46 76 41 44 30 57 98 33 22 72 86 75 13 50 52 54 67 61 68 55 82 95 24 1 38 70
60 66 55 46 97 70 3 74 75 84 2 61 67 28 17 9 65 14 43 33 21 58 27 59 92 62 49 80 31 32 86 34 1 50 100 82 78 8 40 72 85 24 52 54
99 36 69 72 26 90 65 41 83 12 42 24 45 37 76 87 74 8 20 86 67 4 38 16 58 18 33 64 80 13 77 11 35 89 95 81 27 14 68 57 92 70 17 43 75 47 56 100 96 85 59 6 60 23 53 29 79 63 73 91 97 62 93 44
48 66 74 17 8 99 60 80 58 76 79 88 77 40 68 27 35 83 52 15 10 41 46 71 57 82 98 70 33 25 72
79 72 56 28 1 91 89 39 37 9 68 66 69 35 76 12 19 71 4 11 95 21 70 18 96 25 17 46 16 8 14 50 90 73 87 67 94 83 55 29 62 49 44 57 60 59 65 48 3 85 61 64 100 88 86 22 7 10 81 74 45 5 26 36 42 23 32 30
28 30 53 14 92 26 27 83 66 100 94 1 79 24 15 40 7 10 95 84 55 89 62 80
87 89 62 98 80 66 97 29 48 93 33 25 11 100 40 61 2 70 24 39 84 34 78 18 6 20 26 53 68 94 44 12 37 65 3 23 86 8 52 21
70 42 87 80 88 100 79 62 21 78 72 41 91 13 39 51 40 59 66 34 83 46 8 11 89 65 75 23 45 32 43 68 64 44 86 24 77 38 10 84 85 74 49 31 18 26 47 98 33 67 15 5 92 3 35 57 93 97 17 9 76 73 36 96 30 60
67 87 54 11 71 23 16 14 31 73 78 56 34 51 81 19 33 46 18 90 77 55 25 91 61 50 59 39 89 35 85
74 24 91 2 31 25 67 78
42 78 80 75 76 26 57 94 67 34 90 22 17 11 4 79 43 72 16 20 15 69 54 37 5 29 10 83 71 74 50 23 40 92 99 6 66 13
30 3 17 58 54 14 36 12 11 88 24 27 47 77 49 40 29 8 16 100 86 70 96 50 39 73 32 89 10 68 74 6 52 81 63 97 72 64 5 82 57 7 92 38 80 46 93 2 4
14 13 53 63 57 31 9 40 26 32 84 80 24 42 86 59 38 79 41 5 88 52 33 34 49 45 98 100 19 7 44 22 56 18 28 93 68 2 73 47 46 1 29 71 90 16 75 4 92 91 11 25 77 94 54 72 51 95
0 0 0 0 0 0 0 0 -69 -86 0 0 -81 0 0 -92 0 0 0 0 0 0 0 0 0 0 0 -28 0 0 0 0 0 0 0 0 0 0 -86 -47 0 0 0 0 0 0 0 25 0 0 0 0 0 0 0 0 0 0 -9 0 0 0 0 0 0 0 0 0 0 0 0 81 0 0 0 0 -33 0 0 0 0 37 0 0 80 0 0 0 0 49 0 -32 49 0 0 0 81 0 50 0
0 0 -96 0 0 0 0 25 0 0 0 0 0 0 0 0 0 0 0 0 0 0 0 0 0 0 0 0 0 0 0 0 0 0 0 0 0 0 0 0 0 67 0 0 0 0 0 0 0 0 0 0 -29 0 99 0 0 0 0 0 0 0 0 0 0 0 0 0 0 0 0 21 0 0 0 0 0 0 0 -29 -29 0 0 0 0 0 0 0 -5 -50 0 -81 0 0 0 -47 0 0 0
-79 28 0 -26 0 0 0 0 0 0 0 0 0 0 0 -55 -12 0 -7 0 0 0 0 40 0 0 -21 29 0 57 0 0 0 41 0 -3 0 0 0 0 0 0 1 0 -15 0 0 0 0 0 0 0 0 0 0 0 96 0 0 0 0 0 0 0 0 0 0 0 0 0 0 0 -47 4 0 0 0 11 0 0 0 0 0 0 0 0 0 39 0 0 -22 -31 0 0 0 0 0 0
0 0 65 0 84 -92 0 88 0 0 0 79 0 0 0 0 0 0 0 14 94 0 0 0 0 -46 0 0 46 0 53 0 0 0 -7 37 0 47 0 -56 0 0 0 38 0 0 54 0 -11 0 0 80 0 0 0 0 -24 10 0 -95 0 0 0 0 1 0 25 0 -56 0 0 0 0 0 -61 0 0 0 44 0 -44 -69 94 21 0 0 0 0 0 40 0 0 0 0 13 0 0
0 0 0 7 0 0 0 0 0 0 0 0 0 0 0 0 0 -36 0 0 0 0 0 0 0 0 0 50 0 0 5 0 0 0 0 -44 0 29 -17 82 50 -52 43 0 0 0 0 0 -39 0 0 0 0 0 0 -5 25 0 0 0 0 0 0 0 -76 98 0 0 0 0 0 0 0 0 0 0 7 0 0 -83 0 0 0 0 0 0 0 0 0 -12 0 0 0 0 0 0
0 0 15 53 0 0 0 0 4 0 0 0 0 0 0 0 0 0 -32 -71 0 0 0 0 0 -90 -70 92 0 0 0 0 80 0 0 0 0 0 35 0 95 0 0 0 0 0 -35 0 0 0 0 -80 0 0 0 -90 64 0 0 0 94 38 -3 0 -36 0 0 0 -41 0 0 99 0 -90 0 0 0 84 0 0 0 0 0 0 25 -46 0 53 88 -79 0 0 0 0 0
0 0 0 0 0 0 0 0 0 0 0 0 0 63 0 0 56 0 0 0 0 -74 0 89 -48 0 39 82 0 0 0 0 0 0 31 42 0 0 0 0 0 0 0 0 0 0 0 -53 -20 0 -79 0 0 0 70 0 0 0 -53 0 0 0 -41 0 0 0 0 38 0 0 0 75 0 0 0 0 39 0 0 0 7 0 0 0 0 21 0 0 0 0 0 0 0 0
0 0 0 0 0 0 0 0 -8 0 0 0 56 -78 0 0 0 0 0 0 -80 -36 -44 53 0 0 0 0 0 -25 0 0 0 0 0 0 0 0 0 0 0 0 0 0 0 0 0 0 0 36 0 0 0 0 0 0 42 0 -19 0 0 0 -57 0 0 0 -35 0 -69 0 0 0 -34 0 0 0 -89 0 0 0 27 0 0 0 0 60 0 0 0 50 0 4 0
0 0 -24 0 0 0 0 -59 0 0 0 0 0 0 31 0 0 0 0 -95 0 0 0 0 0 -39 0 0 0 -90 0 0 0 91 0 0 0 35 0 0 0 0 0 -9 0 52 0 -41 0 95 0 0 0 -99 0 -90 0 0 -1 34 0 0 0 0 55 0 0 0 0 0 0 0 0 0 0 0 0 0 -33 0 -58 0 -35 0 0 48 0 0 0 0 37 0
0 -40 0 0 0 0 0 0 0 0 0 0 0 0 0 0 0 0 0 0 0 0 64 -95 0 0 0 0 0 0 0 0 0 0 -67 8 -36 0 0 0 -71 0 0 0 0 0 0 0 0 0 0 0 0 0 0 0 0 0 0 0 0 -5 26 0 0 0 0 21 0 0 0 0 -84 0 0 -82 0 0 0 0 0 0 0 -5 0 0 0 0 0 0 36
0 0 0 0 0 0 95 0 0 0 0 0 0 0 0 0 0 0 0 -56 0 0 0 0 0 0 -83 0 0 94 0 0 0 0 0 0 0 94 0 0 0 0 0 0 0 0 0 -49 0 0 0 0 0 0 0 0 0 0 0 0 0 0 0 0 0 -49 -62 0 0 0 0 0 0 31 0 33 0 0 -8 0 -1 0 0 0 0 0 0 0 0 0
3 11 0 0 0 79 0 0 0 10 0 0 0 0 0 0 0 95 -31 0 0 0 0 0 0 0 0 37 2 0 0 0 0 0 0 42 0 0 -65 0 0 0 0 0 0 0 46 81 0 0 0 0 60 0 0 0 0 0 0 63 61 0 68 0 0 0 0 0 0 0 0 0 0 0 0 0 0 0 0 0 0 0 0 0 0 0 77 0 21
0 0 0 0 0 0 15 -16 53 0 0 23 0 -60 0 0 33 -22 0 0 0 0 0 0 0 59 0 23 0 0 -78 0 0 0 0 0 0 0 0 0 0 0 0 0 0 0 0 0 0 0 -52 0 0 90 76 0 31 0 0 0 0 0 0 16 -63 0 0 98 0 0 0 0 0 -49 0 0 0 0 0 0 0 0 0 0 0 4 0 0
0 89 0 0 0 0 -54 0 0 0 0 0 0 0 0 0 57 0 -12 33 0 0 0 0 0 0 -27 0 -24 0 0 0 0 0 0 0 0 0 0 0 0 47 0 0 12 0 0 0 -53 0 0 0 0 76 0 0 0 0 0 0 0 0 23 0 0 0 0 0 28 -71 0 0 0 -13 -75 0 0 0 0 0 0 0 4 0 0 0 44
69 -14 0 0 -64 0 93 0 0 0 0 0 -9 0 -4 0 0 52 0 0 0 0 0 0 0 0 0 0 0 0 0 0 0 11 0 0 -58 0 0 0 0 0 0 -86 0 0 70 0 15 0 0 0 0 0 73 0 0 0 0 0 0 0 0 0 -80 0 0 -62 0 0 0 71 -19 0 0 0 0 0 0 0 0 0 0 -78 0 0
0 0 -84 -88 0 -74 0 0 -86 0 0 0 0 0 0 30 0 0 0 0 0 38 0 0 2 0 -11 -73 0 -72 0 0 0 0 -29 -8 0 0 0 48 -40 0 0 0 0 0 0 0 0 0 0 0 0 0 100 0 0 0 0 0 0 0 0 0 57 0 0 0 33 0 62 0 0 0 31 0 0 0 0 0 0 46 -79 0 0
0 70 0 0 0 11 0 0 0 0 0 30 0 34 0 0 0 0 -81 0 0 0 0 0 0 0 0 0 -76 0 0 0 0 0 0 0 -29 0 0 0 0 0 -28 0 0 44 0 0 0 0 0 0 0 0 0 34 0 -21 0 0 0 0 0 0 0 0 0 0 -72 53 0 0 72 0 0 -83 0 0 0 0 0 0 0 0
0 98 0 0 -9 0 0 0 0 0 -65 0 0 0 0 0 0 -64 0 0 13 0 0 0 0 0 0 0 0 0 0 0 0 0 0 0 0 0 0 -88 0 0 0 0 35 97 0 0 0 0 0 0 4 0 0 0 30 0 81 0 0 0 0 0 0 0 0 0 0 0 0 0 0 0 0 0 0 -25 0 0 0 -75 0
0 0 0 70 0 0 -76 0 0 49 0 0 -70 79 0 96 0 6 43 0 0 0 0 0 0 0 0 0 0 0 0 0 0 64 0 87 0 0 -53 0 0 46 0 0 0 0 0 0 0 0 0 0 0 0 0 0 70 -20 0 0 0 0 0 29 0 0 3 -11 0 0 0 53 0 0 53 96 0 20 0 0 0 -3
85 0 0 0 6 0 -4 0 -50 0 0 0 0 0 0 0 -68 0 0 0 0 0 0 0 0 0 0 0 0 0 0 0 0 0 0 0 0 0 0 0 97 0 0 0 0 7 0 0 -97 0 0 0 0 0 0 0 0 49 0 0 0 0 -92 0 0 -70 87 2 -6 0 0 0 0 0 0 0 0 0 0 0 55
0 0 0 0 0 0 0 0 0 47 0 0 0 0 0 92 0 0 0 0 0 0 0 0 -27 0 0 0 0 0 0 0 32 0 0 0 0 0 0 0 0 0 0 51 0 0 0 0 0 0 0 0 0 0 0 0 0 -79 0 0 0 0 0 -96 0 -99 0 0 0 0 0 44 0 0 73 0 0 0 0 0
0 0 0 0 0 -43 0 -31 0 0 0 -5 0 0 0 -94 0 0 0 0 49 84 0 0 -64 0 0 0 67 0 0 0 0 0 0 0 0 0 0 0 0 0 0 0 -43 0 -82 0 0 0 0 0 0 0 0 0 0 0 0 46 0 0 0 -40 0 0 0 -38 0 -39 26 9 0 0 0 0 -38 0 0
-68 0 0 -53 0 0 -42 0 0 -46 0 0 0 0 0 0 0 0 0 0 0 0 0 0 0 -58 5 0 0 1 0 84 0 0 -89 0 0 0 0 0 -23 0 0 0 0 0 52 0 0 0 0 0 0 5 0 -44 0 0 0 0 0 0 0 0 0 59 0 0 0 0 0 0 0 0 -36 0 0 -16
0 0 60 0 0 0 0 0 0 0 0 0 0 -11 0 3 0 0 0 0 0 0 -69 0 0 0 0 0 0 0 0 0 82 52 0 0 0 0 0 0 0 63 0 0 0 0 0 -23 0 0 0 -13 0 0 0 0 0 0 0 0 0 -55 0 0 0 0 0 0 0 -60 0 0 0 0 0 0 0
0 0 0 0 0 0 0 0 0 0 0 0 0 0 -94 -23 0 0 0 0 69 -77 0 0 -25 0 0 0 0 0 0 0 0 0 0 0 0 0 0 0 0 0 0 0 0 0 0 0 0 0 0 86 0 0 -42 0 -31 95 0 0 -92 0 0 0 0 0 0 3 52 35 0 0 0 0 0 0
0 0 0 0 -44 0 -62 0 0 83 0 -82 0 0 0 0 -57 0 0 0 0 2 0 0 55 0 0 0 0 0 -3 0 0 0 0 0 0 0 0 0 -76 91 -84 -18 29 0 -3 0 0 0 0 32 54 0 85 0 0 1 0 0 0 0 0 -55 0 0 0 0 0 -39 0 0 0 0 0
-58 0 0 -92 33 0 0 0 0 0 -71 0 0 0 0 8 0 0 0 0 0 0 0 0 0 0 0 0 -89 0 0 0 -21 0 79 0 0 0 22 0 0 -67 -85 0 34 -19 75 0 0 0 0 0 0 0 0 -54 57 0 0 0 -4 0 0 0 0 0 0 0 0 0 0 0 0 0
0 0 0 0 0 0 0 0 0 89 0 0 0 0 0 0 0 0 0 0 1 0 0 0 0 76 -77 -55 0 0 0 0 0 -55 0 0 0 0 0 -69 0 0 0 0 0 0 0 0 -83 0 0 0 0 0 0 0 0 0 0 40 0 0 0 0 0 0 42 -70 0 0 0 0 0
0 0 0 0 20 -40 0 -15 0 0 0 0 -19 98 0 0 84 0 0 0 0 0 0 0 34 -10 0 0 0 -45 -15 -87 0 0 7 0 0 0 -42 -86 0 0 0 0 16 0 0 0 0 0 0 0 26 0 0 -90 0 0 0 0 0 0 -24 0 -33 43 0 0 0 0 0 0
0 26 0 0 0 0 0 0 -81 0 0 0 0 0 0 0 0 -16 -15 0 0 80 0 0 0 0 0 0 0 0 0 0 0 0 0 88 0 0 0 84 0 0 0 0 -48 0 0 -47 0 0 0 0 0 0 0 0 0 0 0 0 0 0 0 0 0 0 0 0 0 -13 13
-44 0 77 0 0 -30 0 0 0 0 49 0 0 0 19 -92 0 0 28 0 0 0 0 0 88 0 0 0 74 34 0 0 0 0 61 0 0 0 0 0 0 0 0 26 0 -14 0 0 -84 0 -36 0 0 0 0 0 0 0 0 0 0 0 0 0 0 0 0 0 0 0
0 0 0 0 0 0 -16 0 33 0 0 0 76 92 0 0 0 -83 37 13 -35 0 0 0 -27 0 0 0 0 67 0 0 0 -97 0 0 0 0 0 0 0 0 0 0 0 0 0 0 0 -45 0 0 -99 0 13 0 -3 0 0 -94 0 -78 0 0 0 0 0 0 0
-82 0 73 0 0 0 3 0 0 0 0 0 0 0 0 0 0 -78 0 0 0 0 66 0 0 -56 0 -23 0 0 0 0 0 69 0 0 0 -74 0 61 0 0 0 0 0 0 0 0 0 0 0 0 0 0 0 22 0 61 0 0 0 0 87 0 0 28 0 0
0 -14 0 0 0 -46 0 0 0 0 0 0 0 -27 0 0 0 0 0 0 0 0 0 0 0 82 -50 0 0 -50 0 0 0 0 0 0 0 0 0 0 0 0 0 0 0 0 0 0 0 0 0 0 0 0 19 0 0 0 0 0 0 0 0 0 -60 0 0
0 0 0 -21 0 0 0 36 87 0 -76 0 0 0 0 0 0 0 0 0 0 0 0 0 0 0 0 0 0 40 0 22 0 0 -71 0 0 0 0 0 0 0 89 0 0 0 0 84 0 0 0 -86 63 0 0 0 0 0 0 0 0 0 0 0 -54 -66
0 0 0 -21 8 0 0 0 -32 0 0 0 0 0 55 0 92 0 0 0 0 0 0 0 0 0 0 -21 0 0 21 0 0 35 0 3 0 0 0 0 16 0 0 0 9 0 -22 0 0 0 -56 0 -54 0 0 0 0 0 0 0 0 0 0 0 -38
0 10 82 19 -46 28 87 0 12 54 0 0 0 0 70 31 0 0 0 22 0 -97 -45 0 -86 0 0 0 0 0 30 -30 0 0 0 0 0 -80 11 0 0 0 0 0 0 0 0 0 0 0 0 -12 0 0 0 0 0 0 0 0 0 0 0 0
0 0 0 0 -37 -95 0 0 0 -57 84 0 0 0 0 0 0 0 0 36 62 -100 0 0 -51 44 0 0 0 0 0 0 58 0 0 0 -94 0 35 0 0 0 -60 0 0 92 0 0 0 0 0 0 40 0 -4 0 29 0 6 0 0 -75 0
0 0 86 0 0 0 0 -26 0 0 0 0 0 0 0 0 0 0 0 0 0 56 0 0 0 0 0 0 -1 60 0 0 -60 0 0 0 0 0 0 0 0 58 0 0 0 0 0 0 91 0 0 0 -100 0 0 0 0 0 0 0 0 -35
0 0 0 0 0 0 -35 0 0 0 -10 0 0 0 0 -13 0 0 0 0 0 0 0 41 24 0 0 0 0 0 0 0 0 0 0 3 0 0 0 49 0 0 -34 0 0 55 88 -51 0 0 -73 29 0 0 0 94 0 0 0 0 -46
0 0 0 -80 0 0 -78 0 -35 0 18 0 74 0 0 0 0 0 -57 0 0 72 43 0 0 0 0 0 0 0 0 0 0 0 0 71 0 0 0 0 -1 0 0 54 0 -62 0 0 0 0 0 0 99 0 0 -24 -56 0 0 0
0 0 0 73 0 0 0 0 0 0 0 0 0 0 0 0 0 0 0 0 0 0 -52 0 0 13 0 0 0 0 2 0 0 0 0 0 -87 0 0 0 0 0 0 0 0 0 0 0 0 0 0 0 0 39 0 35 0 0 26
0 48 0 63 0 0 0 0 0 0 0 0 0 -54 0 0 0 0 0 0 0 0 0 0 0 0 0 0 0 0 0 0 0 0 0 0 0 0 0 0 0 0 0 0 55 0 0 0 -36 0 0 0 0 0 0 7 0 0
0 -99 0 0 0 43 0 0 0 0 -80 0 0 0 0 0 0 -39 0 17 0 0 0 30 0 0 0 0 0 0 0 0 0 0 0 0 0 66 -100 0 0 -97 0 67 0 -78 0 0 0 0 0 0 0 -58 -15 0 -40
0 0 40 0 0 0 0 0 0 0 -18 72 0 0 0 0 0 0 0 -54 -97 0 0 0 -23 -56 0 0 0 0 0 0 -98 0 0 0 0 0 0 0 38 0 0 0 0 -78 99 0 0 6 0 0 -35 0 0 0
0 0 0 -100 0 0 0 0 0 -88 0 0 0 0 0 0 10 78 0 0 0 0 0 -30 0 0 0 -41 0 0 11 0 0 -65 0 -37 0 0 0 0 -50 0 0 0 0 0 0 0 0 0 0 0 0 0 0
0 0 0 -87 0 -82 23 0 37 -54 0 42 -5 -23 0 0 0 -33 0 48 0 -21 0 0 0 0 0 51 0 0 0 0 0 0 0 0 -70 89 0 0 0 0 0 16 0 0 0 0 0 0 0 0 72 0
0 23 0 0 0 0 0 0 0 0 0 0 0 0 0 62 -59 0 0 0 0 23 0 0 0 -92 0 0 0 0 0 0 0 0 -13 0 -6 0 0 0 0 0 33 0 0 0 0 58 0 -24 0 0 0
0 0 0 0 0 95 0 0 0 0 93 0 46 0 0 0 0 92 0 33 0 0 0 0 -27 0 -19 0 0 0 0 0 0 0 0 0 0 0 0 0 0 0 0 0 0 0 0 0 0 0 0 0
0 0 0 0 0 0 0 0 80 0 0 55 0 0 0 42 0 74 0 -61 0 67 0 0 0 34 0 0 0 67 0 0 0 0 0 -22 -68 0 0 -33 0 0 0 0 0 0 0 0 0 0 0
-36 0 0 -57 0 0 -38 0 0 0 0 0 0 0 -19 0 0 0 0 52 0 0 0 0 -91 0 0 0 0 0 0 -18 0 43 0 0 -34 0 0 -84 0 0 0 0 26 0 -18 0 85 0
0 0 0 0 0 61 0 0 0 0 0 11 0 -98 0 24 0 0 0 0 0 0 0 0 0 0 -79 14 0 0 0 0 -90 0 0 0 0 0 0 0 0 0 0 0 43 0 0 0 55
7 0 0 -49 0 0 0 0 0 0 -69 40 0 80 0 0 0 18 -100 0 0 0 82 0 -75 0 0 0 0 0 97 -34 0 0 0 -15 0 0 0 0 0 0 0 -62 -47 0 0 5
0 0 0 0 0 0 0 0 6 -86 0 31 0 -14 0 0 0 0 22 0 0 0 0 -27 -90 0 0 0 0 0 33 0 0 0 0 0 0 0 0 0 0 0 0 0 0 0 0
0 0 0 0 0 14 0 17 0 0 0 0 0 0 0 26 0 0 0 0 -51 0 0 -40 0 0 0 0 0 0 0 -58 0 0 0 -78 0 0 0 0 0 82 0 0 0 0
0 0 0 44 0 0 0 0 0 0 0 0 -81 0 0 0 0 0 0 0 69 0 0 0 0 0 0 0 0 0 0 -81 0 0 0 0 0 0 0 -68 0 0 0 32 0
0 0 0 0 0 0 0 0 0 0 0 0 0 0 0 0 0 29 0 0 0 0 0 -23 0 0 -6 0 0 0 74 0 0 -80 0 0 0 0 0 0 0 -72 0 -3
0 0 0 1 0 -94 0 47 0 0 0 0 0 0 0 0 0 44 0 -97 0 0 0 0 -90 0 0 0 -2 -92 0 0 0 0 -44 0 0 0 53 78 0 47 0
0 0 0 0 0 69 0 0 13 0 0 0 -35 -93 -40 0 0 0 24 0 0 0 0 0 0 0 0 0 0 0 0 0 0 0 0 -98 -84 0 -39 0 0 44
0 44 0 0 0 0 0 0 0 0 0 0 0 0 95 0 0 0 0 0 0 0 0 0 0 0 -4 0 0 15 0 68 0 0 0 0 0 -60 0 0 18
0 0 0 0 83 0 0 -85 9 0 0 0 -9 0 0 0 0 0 0 0 0 0 0 -19 72 0 -3 0 0 56 0 0 0 0 0 -74 0 -76 0 0
0 -52 0 0 0 0 0 0 0 0 0 0 0 0 75 0 0 0 -71 0 0 0 0 0 0 0 0 0 0 -52 0 -36 0 0 0 0 21 0 0
0 -24 0 0 0 0 93 0 0 0 0 0 0 0 0 -58 0 0 0 0 80 0 -7 0 0 9 0 0 -65 0 0 -94 0 0 0 0 0 0
0 0 19 0 0 0 -73 0 0 0 0 0 0 0 0 66 0 0 0 -99 0 0 0 0 0 0 -26 -14 -33 0 0 0 0 0 0 0 0
0 -43 0 0 0 89 0 0 0 0 0 -80 0 0 0 0 0 0 0 30 -96 0 0 -3 0 0 0 0 0 -36 0 0 15 0 0 0
0 0 0 80 0 0 0 -31 0 0 0 0 0 0 -11 0 0 0 0 0 0 0 0 0 0 0 0 0 0 -34 0 0 0 0 0
0 0 0 0 0 0 0 0 0 -82 0 0 0 0 0 0 0 0 71 0 0 0 0 0 0 0 -48 61 -76 0 0 0 0 0
0 0 0 0 0 0 0 6 -40 0 0 0 0 0 -30 -72 0 0 0 0 20 0 0 0 0 0 0 0 0 0 -92 94 -94
0 0 -69 0 0 0 0 24 0 0 15 0 0 0 0 0 0 37 0 0 0 0 0 -15 0 59 83 0 0 0 -81 0
-62 0 0 0 0 0 0 0 0 0 0 0 96 0 0 0 -63 76 0 0 0 0 0 0 0 0 0 0 58 0 0
0 0 0 -1 0 20 0 0 0 0 0 0 0 0 0 0 0 0 0 0 -96 0 0 0 54 0 0 0 0 -20
39 0 0 0 0 0 0 1 -12 0 0 0 0 0 -56 0 17 0 0 -36 0 75 0 0 0 0 0 0 0
0 -23 0 0 0 0 0 0 0 0 0 0 52 0 0 0 -12 0 0 0 0 0 0 0 0 0 -62 0
0 0 0 0 0 0 0 4 15 31 0 0 17 0 0 0 58 0 0 0 94 0 0 0 0 0 0
89 86 0 -40 0 0 0 0 0 0 43 0 91 -55 0 0 0 0 -79 0 0 0 3 0 0 0
0 0 0 0 0 0 50 0 0 0 -21 0 0 0 0 0 0 -41 73 0 0 47 0 -49 0
0 0 0 0 0 0 0 0 0 0 0 0 0 0 0 0 -34 0 -74 0 0 0 0 0
0 12 0 0 0 0 0 0 0 -38 0 57 0 0 0 0 0 0 0 80 0 0 -40
0 0 0 0 0 0 0 0 73 0 0 0 0 -77 -64 0 0 0 0 -75 0 -65
0 0 0 0 0 0 99 71 9 0 0 2 0 0 0 0 0 0 0 -50 0
0 0 64 0 -47 0 0 0 0 0 0 0 0 0 0 -29 42 0 0 0
0 0 0 0 0 -22 0 0 44 0 0 0 0 0 74 0 20 0 0
80 60 0 0 35 0 0 0 0 0 0 0 100 0 0 0 0 -26
0 0 0 -91 0 0 0 0 0 0 84 0 0 0 0 0 0
-82 0 -55 0 0 0 0 0 0 0 12 0 0 0 0 0
0 -56 0 0 0 0 -20 0 0 0 0 -92 0 0 0
0 0 -87 0 0 0 0 0 0 0 67 0 0 0
0 0 0 0 -7 0 0 0 0 0 0 75 -13
0 0 0 0 68 0 -41 0 0 0 0 0
0 0 0 0 0 0 0 0 0 0 0
0 0 0 0 0 -53 0 0 0 0
-73 75 0 0 0 0 0 0 0
24 0 0 0 0 0 0 0
0 0 -50 0 0 0 70
0 0 0 0 0 0
0 0 -4 -49 89
0 0 0 0
0 0 0
0 0
0
