25
2 3 2 2 10 6 1 2 9 3 7 3 9 7 10 3 10 2 6 7 7 7 4 4 5
24 20
13 9 11
25 10
2 4
9 23 18 21 19 22 6 25 5 3
1 18 10 23 2 9
12
19 14
2 20 17 1 6 25 7 11 4
9 10 6
25 21 6 1 8 9 7
12 19 1
7 24 3 8 4 2 21 18 13
19 1 15 9 16 12 6
23 21 25 5 3 8 1 19 14 10
23 3 12
23 15 12 17 9 3 7 6 1 8
9 21
20 16 25 24 3 23
25 22 19 1 23 10 24
10 24 12 7 21 1 5
11 15 10 24 25 1 7
19 15 12 1
16 5 20 19
8 13 4 3 23
-9 -32 -82 -88 -83 -86 -24 -2 -16 -89 -8 -90 -74 -55 -86 -96 -93 -42 -46 -78 -21 -74 -60 -55 -52
-76 -95 -97 -28 -11 -91 -52 -38 -29 -44 -58 -17 -77 -45 -29 -91 -70 -47 -20 -79 -36 -46 -13 -56
-100 -73 -35 -72 -18 -99 -5 -35 -60 -89 -11 -23 -30 -88 -14 -2 -42 -20 -20 -67 -66 -98 -90
-77 -25 -99 -16 -17 -95 -53 -36 -24 -81 -48 -65 -92 -50 -49 -81 -33 -60 -66 -46 -23 -35
0 -54 -30 -82 -21 -38 -39 -45 -17 -56 -59 -15 -97 -11 -6 -28 -20 -99 -85 -1 -22
-53 -91 -96 -68 -99 -54 -64 -1 -48 -9 -80 -42 -67 -86 -59 -25 -61 -76 -52 -97
-57 -12 -61 -77 -92 -11 -39 -59 -67 -69 -88 -89 -16 -53 -57 -44 -4 -46 -4
-1 -84 -7 -57 -77 -100 -68 -32 -40 -14 -57 -80 -66 -39 -96 -76 -70 -13
-82 -95 -12 -17 -25 -1 -93 -71 -63 -90 -75 -21 -49 -21 -48 -42 -21
-67 -71 -88 -42 -31 -87 -50 -73 -25 -41 -13 -94 -10 -69 -96 -47
-15 -93 -31 -28 -73 -25 -5 -57 -9 -24 -70 -46 -70 -37 -75
-21 -12 -60 -74 -87 -86 -64 -19 -85 -18 -99 -40 -79 -9
-98 -71 -94 -96 -93 -72 -90 -98 -13 -7 -43 -74 -73
-61 -92 -37 -21 -43 -3 -8 -20 -34 -98 -41 -23
-3 -80 -74 -33 -69 -12 -6 -50 -73 -10 -41
-82 -92 -61 -83 -64 -12 -53 -80 -53 -98
-52 -1 -11 -18 -59 -4 -28 -62 -78
-95 -8 -3 -61 -91 -54 -65 -84
-73 -98 -17 -1 -87 -87 -81
-14 -3 -68 -25 -67 -12
-58 -78 -20 -92 -77
-23 -27 -31 -42
-67 -86 -82
-26 -21
-58
