25
5 9 12 2 18 8 14 10 3 2 7 7 2 8 11 15 1 12 17 14 9 7 8 12 14
4 3 11 2 18
2 18 6 3 17 9 11 21 24
25 13 11 24 21 9 17 20 14 6 10 18
7 17
13 16 4 15 22 20 23 17 10 6 3 18 12 8 19 1 25 14
18 21 5 2 16 15 8 14
13 20 12 19 8 15 17 5 9 25 1 10 14 23
6 21 1 2 25 17 12 10 9 20
9 20 1
3 5
18 22 25 11 15 4 7
15 3 10 14 22 12 20
13 4
15 11 6 10 13 25 23 1
3 5 15 20 4 21 22 1 7 11 18
11 1 9 10 24 22 7 16 18 21 19 17 4 23 14
10
23 12 14 10 3 11 6 18 9 15 5 8
12 10 19 7 17 8 14 5 20 13 2 4 9 23 21 1 3
2 8 15 1 9 19 23 22 6 17 18 21 4 16
2 22 14 16 10 15 24 8 7
21 14 2 20 4 8 1
6 4 10 7 22 14 21 2
14 17 11 5 22 25 3 4 13 19 9 24
24 14 23 22 21 20 25 4 5 12 8 9 19 6
-82 -8 10 -31 -51 0 -40 46 19 34 87 -11 -4 11 -62 86 32 85 -61 -95 -73 -53 -66 -69 -39
20 -11 -41 -81 36 56 -28 6 -11 66 31 79 -89 -45 25 -84 82 77 43 -35 62 -99 -29 -20
-31 -96 -5 3 -74 -70 -42 30 58 -87 95 13 -20 -76 99 49 -55 71 76 -19 -85 17 20
-92 93 -97 43 -72 -73 92 73 -89 81 -48 -37 56 55 83 -16 -39 6 -82 -75 -99 -13
-9 -51 23 12 86 -46 -55 38 85 18 -23 -25 74 -19 69 -89 -41 -97 22 -99 66
-10 58 -49 -7 75 91 -24 -81 -1 -78 27 87 100 -80 -72 -62 -1 15 30 56
74 67 1 62 -96 -35 -24 99 7 -1 -81 -71 42 16 22 -98 30 88 -81
-90 -44 -69 80 -50 -91 54 -61 -45 67 -46 0 -17 -97 8 -75 -8 -36
-36 -53 46 -57 48 -80 -72 61 -92 52 86 8 -72 -71 20 87 84
31 -22 -97 4 63 -84 -19 0 26 10 46 62 -30 50 83 34
22 1 82 -59 -98 18 53 83 28 -54 73 -26 -80 35 -99
-64 -6 -76 -73 100 -72 -26 -80 79 22 -14 1 -27 59
90 -6 99 100 38 58 90 -11 -100 -9 9 96 -9
18 -27 -7 31 33 67 -69 -77 24 -67 -31 -15
-49 -82 -7 87 59 -10 18 41 80 -58 -7
-60 -55 -91 50 -79 20 -96 -23 56 83
25 47 59 -76 -38 68 -60 44 100
-97 77 64 44 10 -40 17 -52
-1 -62 17 34 -92 55 -57
-35 52 42 88 -38 58
-21 -5 -13 -4 -46
-10 20 -56 -19
59 5 94
-12 7
-77
