50
17 33 30 34 29 12 1 11 7 4 17 13 15 26 13 15 14 8 10 31 19 21 17 4 16 27 3 16 2 19 4 25 20 2 31 32 27 23 18 35 19 8 2 9 32 22 16 12 11 34
12 45 4 29 44 40 14 30 36 18 38 32 8 50 21 31 19
47 34 27 35 31 1 4 17 40 11 29 16 2 21 46 41 18 12 25 13 6 42 5 8 22 3 49 50 43 36 38 45 14
20 37 10 36 35 49 14 21 32 28 15 26 39 1 25 24 7 18 17 43 46 44 50 45 47 42 9 8 34 41
23 37 9 15 8 39 31 4 26 30 12 33 40 11 13 47 2 49 27 19 34 36 3 44 14 29 7 22 17 6 38 18 16 48
5 4 47 20 27 46 13 7 18 34 49 33 45 1 26 2 25 44 9 29 11 17 8 3 35 23 28 42 15
37 15 45 34 24 19 29 44 32 28 42 25
19
44 3 32 42 38 35 1 12 20 15 14
26 13 7 24 46 38 30
30 8 44 50
16 22 24 2 42 8 19 40 3 25 31 27 41 12 20 9 7
26 46 34 50 16 39 23 28 2 29 49 43 42
18 49 9 30 23 25 40 15 38 21 8 20 42 29 17
24 6 3 25 23 35 26 5 2 46 30 39 17 4 14 13 11 27 40 10 50 15 42 43 32 21
49 28 13 16 34 30 37 40 6 31 32 2 5
7 39 17 45 12 21 14 5 33 2 23 35 8 15 42
30 25 46 19 23 11 21 14 27 31 41 1 24 5
4 36 2 26 40 15 50 43
42 12 5 33 32 4 16 6 45 50
14 9 27 7 21 4 26 50 34 6 35 30 15 41 31 2 3 45 8 22 18 20 42 36 43 13 33 38 11 17 28
32 31 41 12 48 36 49 44 50 35 33 38 7 40 20 10 23 22 25
1 27 18 16 47 48 32 41 3 28 42 39 20 40 37 12 9 19 34 44 43
10 19 24 28 37 45 42 23 5 26 38 4 36 17 15 16 48
44 20 37 34
31 22 33 16 7 14 10 40 29 23 50 49 25 9 44 41
8 17 39 40 11 47 48 42 38 15 45 31 4 36 6 2 37 29 28 26 30 21 9 12 18 7 16
48 21 31
20 15 34 44 48 21 45 22 31 3 10 37 49 9 40 38
33 12
1 18 39 16 9 17 35 38 25 22 11 10 19 27 3 20 12 37 28
33 26 19 32
22 45 20 37 6 12 49 13 9 39 29 18 48 35 27 43 46 30 31 25 50 21 26 42 8
8 16 36 11 2 32 15 46 1 24 17 43 34 23 38 42 19 39 30 5
14 39
40 19 28 18 12 2 4 10 33 27 25 50 22 11 20 30 13 8 37 47 16 41 43 23 49 6 46 7 31 34 5
33 19 16 20 26 49 12 44 1 34 4 48 17 31 35 9 30 37 29 3 18 38 10 43 40 5 42 23 39 27 11 28
21 18 1 5 19 15 3 6 4 48 42 25 16 23 36 2 30 10 41 39 32 20 7 35 17 12 45
31 46 40 12 2 23 48 1 41 30 43 20 13 15 25 33 37 22 29 36 39 50 17
11 28 4 43 37 36 9 3 45 12 30 26 19 5 33 42 39 46
46 24 43 8 12 42 30 19 23 29 7 16 26 28 44 45 9 31 40 6 34 5 21 50 47 36 35 25 41 14 49 13 2 3 33
12 29 41 32 10 5 26 30 24 21 33 28 48 37 27 50 22 2 17
48 32 2 12 27 5 26 10
7 44
20 24 40 44 9 19 12 10 35
1 25 6 5 40 8 3 23 38 4 36 21 24 18 44 13 17 43 14 32 29 7 12 48 45 46 37 26 41 42 16 20
8 27 39 41 36 45 47 13 20 17 11 37 1 21 49 18 33 26 29 23 50 44
8 25 33 3 24 18 45 23 40 48 42 7 4 28 49 36
19 27 14 30 7 6 2 44 40 38 13 10
1 38 40 39 10 20 3 14 29 37 50
14 42 18 38 50 25 28 7 26 3 30 33 10 20 11 19 44 49 40 48 21 41 45 46 43 47 13 27 35 31 6 2 15 34
0 0 0 0 0 0 48 0 -11 0 0 0 0 0 0 0 0 0 0 7 0 0 0 0 -94 0 -28 -97 0 0 0 0 0 90 0 0 0 0 0 0 0 -3 0 0 0 -40 0 0 0 16
0 84 0 0 0 0 0 0 0 -72 0 0 0 -10 0 -91 0 -49 -19 0 0 0 0 0 64 0 0 0 0 0 0 0 72 37 0 0 55 0 0 0 0 0 0 0 0 0 0 0 0
0 0 0 0 0 0 0 0 0 0 0 93 0 0 -5 0 0 0 0 0 -75 0 0 0 0 0 0 0 94 0 0 0 -87 97 0 88 0 0 -76 0 0 0 0 -85 0 0 0 0
0 -10 24 0 0 0 0 -97 0 95 0 0 0 0 0 0 0 0 0 0 0 11 0 0 0 -76 0 0 0 0 0 0 -32 0 0 0 0 0 0 0 0 0 -83 0 0 0 0
0 0 0 0 0 0 -58 0 0 0 0 0 0 0 -71 0 0 0 0 0 0 0 0 0 0 -79 0 0 66 0 0 -9 -72 0 0 0 0 -28 0 0 0 0 0 -12 0 0
0 0 0 0 95 6 0 0 0 0 0 0 0 0 0 -76 0 60 0 0 0 0 0 49 0 0 0 46 0 17 -62 51 -53 0 -16 0 24 0 0 0 0 0 0 0 0
0 0 0 -52 0 0 0 0 0 0 0 0 0 19 0 0 0 0 71 0 83 0 0 0 14 0 0 0 0 0 0 0 0 -8 0 0 0 0 0 0 0 0 0 0
30 0 0 0 0 0 0 0 0 0 0 0 0 0 0 0 0 0 0 0 0 0 0 0 0 0 0 0 0 0 0 0 0 0 0 0 0 0 -93 0 0 0 0
0 0 0 0 0 0 0 0 0 0 0 0 0 0 0 0 -77 0 0 0 0 0 0 0 80 -5 10 0 0 0 0 0 0 0 0 0 0 67 0 0 0 92
0 0 0 0 -46 0 0 47 0 0 0 0 0 0 0 0 0 0 0 0 -16 0 -47 0 0 0 0 4 0 0 0 0 0 75 0 0 0 0 0 0 0
22 0 0 0 0 0 0 0 0 0 0 0 0 0 0 0 -9 0 -80 0 0 0 0 0 0 -63 0 -55 0 0 0 0 0 0 0 0 -49 0 0 0
0 0 0 -12 0 0 0 0 0 0 0 0 0 56 0 -88 -39 98 -79 0 -84 54 0 0 0 0 0 0 0 0 0 0 0 0 0 0 0 0 0
0 0 0 0 0 0 0 0 39 0 0 -35 0 0 0 0 0 0 0 -66 0 0 0 -31 0 0 -51 0 0 0 34 84 0 0 0 0 0 0
74 0 0 0 0 0 13 0 0 0 0 0 0 0 0 0 0 0 0 0 0 0 0 74 0 0 0 0 55 0 0 0 -35 0 0 -15 0
-15 0 0 21 0 0 0 0 0 0 25 -60 0 0 0 0 0 0 0 0 -29 0 0 0 0 0 -9 0 -59 0 0 0 0 -43 53 0
0 0 0 0 0 0 0 0 0 0 0 0 0 0 0 0 0 0 -94 0 0 0 0 0 0 0 0 0 0 0 -65 14 0 0 0
0 89 0 0 0 0 0 0 0 0 0 0 0 84 0 0 0 1 3 99 0 -10 0 0 0 0 0 0 0 0 0 0 0 0
0 0 -39 0 0 0 90 0 0 0 0 78 0 -4 0 0 0 0 -20 -8 -10 0 0 0 0 98 0 0 0 0 -81 0 0
0 6 -13 0 -21 0 -87 -72 0 0 0 0 0 0 0 0 29 0 77 0 26 -69 0 79 0 0 20 0 -31 0 0 0
0 0 39 18 0 0 0 0 0 0 -58 29 0 0 -30 0 0 0 0 0 0 0 0 0 0 0 0 0 -19 0 0
0 0 0 9 -58 0 0 0 0 0 76 0 0 0 0 0 0 0 0 0 -45 0 22 -33 -45 0 0 0 7 0
0 0 50 0 -95 0 0 0 0 0 0 -35 0 0 0 0 0 0 0 0 0 0 0 0 0 0 0 0 0
0 6 0 0 -99 0 -66 0 0 -77 0 -93 0 0 0 90 -19 0 92 90 0 0 57 0 0 0 0 0
0 0 87 0 85 0 0 -22 0 0 0 0 37 0 0 0 0 0 0 0 -14 0 0 71 63 0 0
0 0 0 0 0 0 87 0 0 0 0 0 0 0 0 0 0 0 0 0 -62 0 0 -89 0 -69
0 0 0 64 0 -89 0 -55 0 0 0 0 0 -6 0 0 0 0 0 0 0 0 -5 0 0
-29 0 30 0 -26 0 0 0 -2 0 0 0 77 0 0 0 88 0 0 0 0 0 0 0
-13 -7 0 0 0 0 54 -85 0 0 0 0 0 0 0 0 0 0 0 -80 0 0 0
0 0 41 0 -4 -7 0 0 0 0 0 0 0 0 0 19 0 0 0 0 0 4
0 71 0 0 0 0 0 0 0 0 32 0 -26 0 0 22 0 0 0 0 73
0 -96 0 0 0 0 0 0 0 0 0 0 0 0 0 0 0 88 0 0
0 0 0 0 0 0 0 0 0 -39 0 0 0 0 0 10 0 0 0
0 0 0 0 0 99 53 0 22 0 -60 0 80 0 0 0 0 0
6 0 -9 29 -69 0 0 0 0 -14 0 0 0 0 0 0 23
0 0 0 0 0 0 0 77 0 1 0 0 -55 0 0 0
0 23 0 0 52 65 0 0 0 0 0 0 0 -96 0
-59 0 -100 0 0 0 0 -64 24 0 0 0 0 -3
0 0 0 0 0 0 0 -51 0 -21 -79 98 0
0 0 0 0 0 0 0 0 0 0 0 0
0 19 0 0 0 0 0 0 0 0 0
0 -23 0 0 0 0 0 0 0 0
0 0 0 0 0 0 0 0 0
0 0 0 0 0 0 0 -4
0 0 0 41 0 0 0
0 0 0 0 0 0
46 0 0 0 -36
0 0 0 0
0 41 0
-9 0
0
