100
60 42 13 23 33 71 34 40 10 32 31 16 36 29 1 25 61 11 73 69 65 63 16 66 8 67 52 9 62 62 52 59 7 74 30 23 7 58 7 51 10 51 3 16 22 72 54 33 39 19 13 36 55 17 31 37 30 61 5 71 11 45 62 9 43 24 16 10 36 39 25 60 54 10 18 63 21 22 67 47 67 27 57 50 32 38 37 19 1 32 64 60 59 19 65 26 58 24 55 68
100 60 59 97 42 53 87 1 63 16 96 22 24 17 26 39 7 77 58 84 2 33 91 28 72 54 99 95 38 44 70 65 79 27 19 49 29 47 61 55 89 36 23 82 98 74 3 30 69 21 50 20 81 37 76 35 83 5 71 40
63 40 34 30 78 37 62 67 33 76 11 84 72 81 25 64 9 91 48 90 79 2 26 21 61 92 39 29 88 4 3 77 49 94 41 75 5 93 70 58 35 24
65 49 12 31 94 57 87 13 11 6 43 86 39
23 91 48 7 30 82 24 58 74 53 62 59 35 71 95 52 79 29 39 36 8 47 64
88 94 97 74 40 84 59 80 95 72 50 65 9 38 21 30 51 62 99 58 78 11 64 25 44 19 96 100 22 28 43 42 52
54 1 86 85 31 63 16 42 87 39 96 90 12 55 29 41 78 65 56 36 98 40 49 21 76 11 46 94 2 32 53 4 60 67 57 64 68 79 18 88 50 24 15 62 61 26 10 6 33 28 51 81 27 93 48 58 9 69 45 5 89 59 47 72 19 82 35 74 91 7 3
51 59 71 40 70 69 78 98 22 32 58 82 72 5 3 47 27 73 31 21 91 44 46 1 9 94 56 64 68 17 93 23 62 100
92 76 80 3 74 52 81 24 26 68 87 63 90 83 95 34 75 69 1 36 99 59 11 70 49 85 40 62 89 31 30 15 17 16 77 20 6 64 12 58
59 73 84 93 27 90 99 38 37 72
15 22 96 20 67 66 36 97 43 40 11 1 55 99 78 98 93 49 39 57 9 75 14 30 86 34 80 8 71 82 61 73
56 7 11 85 88 70 44 91 90 94 35 82 75 24 58 51 62 69 27 92 53 15 97 46 16 54 38 89 2 9 49
69 93 47 34 68 49 6 55 20 19 74 78 17 15 3 10
55 51 58 84 33 41 92 38 27 96 71 48 10 43 60 29 73 42 46 30 23 31 39 20 14 91 32 5 66 25 59 80 85 37 3 19
89 50 26 63 52 4 94 68 67 83 15 57 90 59 44 80 54 17 61 43 20 7 87 74 78 77 2 82 72
62
48 30 33 20 3 23 53 13 56 84 63 74 67 22 83 82 89 100 68 75 59 81 29 14 93
2 75 39 87 54 5 68 3 70 51 26 34 30 88 58 12 56 1 96 55 77 17 89 7 15 95 74 46 79 33 23 9 11 64 24 18 45 8 50 67 38 6 27 52 25 69 41 71 73 80 84 20 16 28 42 81 97 100 76 94 98
2 89 94 79 15 42 69 14 40 21 74
8 97 56 9 28 91 92 96 90 48 54 64 65 17 87 53 42 68 57 40 38 94 14 84 20 27 86 63 6 83 32 75 12 73 33 58 93 35 51 26 88 46 5 13 21 37 16 52 3 15 4 25 59 99 11 78 29 43 85 23 1 95 50 89 79 39 41 80 2 36 69 45 77
32 72 9 36 50 63 95 24 3 7 90 14 29 99 23 34 66 89 98 47 69 55 82 44 52 37 5 59 31 27 68 51 65 91 43 58 79 12 60 21 40 62 80 15 83 88 11 48 75 100 49 41 22 86 42 26 8 13 25 97 71 33 4 61 74 38 18 77 2
6 19 30 29 42 8 86 92 80 47 78 49 4 67 48 2 63 89 76 11 43 75 82 53 7 99 59 44 33 64 25 83 73 46 55 96 52 34 57 26 21 41 87 97 50 58 94 28 56 10 60 61 17 51 14 5 22 74 38 70 36 31 35 68 12
64 11 99 38 80 32 89 47 100 49 94 4 93 23 87 85 97 95 74 70 18 82 27 12 50 75 33 66 24 26 15 60 43 5 29 36 20 3 13 71 56 44 63 54 84 35 14 62 72 76 6 40 79 57 52 68 58 41 48 98 17 22 31
57 1 98 14 61 69 32 35 4 44 12 25 53 26 46 40
67 78 98 54 70 62 31 6 49 77 40 76 34 66 13 4 38 12 26 93 81 50 19 2 44 89 68 59 94 83 85 42 15 100 53 16 80 3 7 60 79 14 75 92 1 82 29 25 37 21 47 27 58 17 51 45 57 46 39 32 28 74 84 5 64 55
7 79 43 27 41 5 89 51
90 67 92 57 45 58 97 22 44 94 46 37 60 100 68 75 9 95 34 77 41 51 23 52 2 54 40 32 72 6 56 5 66 16 91 12 61 96 8 31 28 78 83 7 63 4 76 50 10 15 42 87 85 89 39 3 27 14 55 53 65 88 11 47 84 19 98
33 98 94 1 85 11 40 17 50 75 54 84 53 46 96 21 27 92 82 51 2 14 74 86 45 6 16 3 30 79 99 66 72 68 28 91 55 19 44 73 81 77 63 97 93 80 9 100 67 39 61 13
37 61 60 93 86 82 4 12 25
90 64 61 97 9 83 56 87 6 45 28 24 4 88 73 51 15 84 91 92 31 70 96 94 39 43 69 66 34 17 32 54 44 19 99 55 89 8 5 14 35 41 77 12 26 49 29 46 98 82 59 36 80 23 27 37 21 52 2 78 65 63
41 45 51 59 12 13 4 64 29 14 74 66 11 93 89 47 85 20 6 98 43 65 44 91 25 28 50 84 95 73 35 60 58 7 37 22 100 71 48 90 96 31 97 16 63 17 77 18 32 23 5 42 27 87 54 94 92 82 76 34 46 40
14 79 52 26 11 32 3 5 29 33 35 68 73 2 30 82 10 45 17 16 18 51 94 65 31 12 81 4 24 69 44 58 76 84 78 80 72 90 70 63 61 71 38 34 49 96 97 55 93 41 42 8
97 38 71 78 62 87 8 84 96 69 31 81 46 25 34 75 56 54 11 27 53 3 39 57 76 90 21 61 92 18 91 94 15 70 41 36 28 30 20 29 48 77 63 16 32 13 79 67 85 51 89 72 26 60 33 64 47 52 43
20 77 17 40 39 28 1
52 1 35 98 17 18 95 58 50 79 5 32 20 85 77 64 3 54 99 78 66 13 97 59 11 24 72 62 93 71 9 80 56 61 67 88 94 21 26 100 8 89 69 10 92 60 30 25 42 27 91 83 57 45 47 76 55 82 81 16 96 12 87 28 63 75 34 22 65 14 39 84 6 31
98 35 94 46 52 81 34 87 47 48 99 58 71 93 37 6 95 76 82 89 92 50 54 53 32 97 30 7 26 14
60 17 90 24 82 11 98 84 13 95 42 64 100 46 16 20 83 21 1 78 49 70 99
84 21 62 65 37 89 57
61 7 23 13 31 25 59 46 14 68 27 11 90 5 82 73 54 2 44 45 77 79 19 26 97 67 33 43 29 74 8 6 62 58 92 21 71 50 20 28 57 51 87 4 15 56 94 47 93 66 42 53 40 69 35 10 1 22
86 91 29 48 56 15 44
72 24 98 29 4 44 49 61 34 91 93 69 84 89 41 66 14 92 55 59 68 38 11 82 3 31 80 15 27 57 83 45 56 74 86 87 48 6 39 7 97 46 67 64 79 33 21 22 12 50 65
79 69 35 1 23 61 90 24 52 47
100 66 2 63 54 90 84 36 65 11 16 40 70 53 49 43 92 82 80 33 28 98 42 89 59 47 97 62 68 72 85 22 91 76 95 45 24 38 25 88 69 75 14 18 15 30 56 77 20 5 39
9 20 32
80 90 36 99 72 3 32 88 50 75 22 23 69 31 51 54
100 55 9 81 2 41 83 38 64 71 68 29 24 74 42 16 11 44 52 53 19 96
53 97 21 40 24 71 62 72 56 77 92 44 18 78 16 33 84 37 3 95 11 39 6 31 74 69 82 2 65 38 90 14 85 47 68 41 9 36 27 45 29 60 63 73 55 13 64 67 57 32 20 99 91 12 100 76 1 10 94 22 61 17 8 26 86 15 79 88 23 93 98 75
89 23 34 82 41 1 66 33 26 62 63 19 17 76 31 73 20 5 54 37 90 53 45 51 75 79 14 64 49 15 25 57 16 91 44 11 21 96 68 69 2 9 36 77 27 40 24 6 61 3 10 99 4 93
78 63 60 27 33 61 41 66 10 15 86 24 87 26 76 97 17 92 25 80 69 98 5 72 68 1 93 14 79 54 55 64 28
72 9 11 8 23 42 81 24 28 65 1 37 45 19 20 34 41 54 80 76 50 43 56 75 53 2 29 98 87 59 31 35 64 66 18 12 91 33 92
78 2 73 61 43 33 55 67 85 52 37 34 50 100 53 25 39 83 86
60 83 4 12 51 36 43 81 90 91 86 13 84
8 25 21 23 22 95 78 1 46 38 26 9 69 16 58 63 40 4 52 28 24 80 20 72 88 55 53 89 50 12 82 86 11 5 83 79
54 67 64 82 72 83 48 8 33 66 74 29 49 10 31 14 23 99 84 60 92 52 41 77 45 36 6 88 62 30 73 61 80 46 37 69 56 12 65 2 20 16 38 22 85 75 3 5 55 44 89 13 70 18 50
99 1 64 68 57 92 38 7 50 42 88 4 15 80 27 70 45
80 54 45 76 93 14 95 53 91 75 77 79 78 89 7 17 26 92 18 4 86 44 13 100 94 15 63 31 42 96 50
64 40 19 41 51 100 8 1 34 47 54 21 57 50 99 82 49 65 96 6 78 38 7 22 94 73 48 56 90 27 87 28 66 25 91 98 37
73 84 51 44 28 59 22 82 98 10 18 67 30 64 100 26 65 35 32 27 53 3 21 71 72 14 9 41 7 63
52 67 28 98 46 54 12 99 90 84 5 18 70 20 93 81 2 83 42 19 8 86 37 92 7 51 88 53 17 87 39 57 58 24 41 9 68 29 75 3 34 55 49 40 45 25 31 48 74 82 44 65 56 73 16 23 97 14 94 71 36
57 13 66 79 55
87 52 35 33 84 41 58 53 56 45 100 34 7 57 83 32 17 51 74 28 48 99 12 20 23 2 96 9 90 72 44 27 47 68 79 62 82 73 11 30 71 16 75 22 93 81 64 98 70 49 54 25 1 4 36 76 88 43 21 10 3 80 91 39 97 29 31 78 63 6 8
89 86 14 42 65 56 73 53 54 72 88
63 31 43 82 62 39 81 35 8 88 85 22 67 89 13 58 98 49 100 51 12 17 78 38 66 87 80 9 48 18 30 68 83 36 72 6 96 55 11 54 99 1 28 95 77
95 57 26 59 92 19 82 27 36 52 93 15 31 62 22 66 49 6 86 94 58 78 44 96 56 20 8 48 25 21 16 37 65 29 33 5 42 91 67 88 2 76 98 85 14 54 51 9 45 34 70 46 84 75 79 99 30 50 73 28 53 68
71 91 81 14 76 69 95 55 53
96 64 71 89 52 24 100 54 75 6 21 38 18 41 73 23 56 84 9 61 16 92 76 12 2 57 62 82 86 36 4 45 28 59 17 30 39 67 60 55 13 50 65
96 19 77 31 35 75 15 24 47 29 42 22 32 97 91 1 56 99 28 2 82 88 61 54
25 63 19 87 4 83 86 57 28 3 60 50 31 5 46 10
34 84 86 27 42 78 13 100 50 71
73 65 72 85 17 86 53 20 89 32 14 10 45 48 66 4 12 71 91 67 3 74 18 60 76 93 13 81 47 11 2 69 38 43 68 78
27 9 80 6 84 5 14 100 35 37 4 3 72 58 2 13 93 16 46 63 8 39 87 32 11 24 7 51 12 95 78 52 98 91 54 33 18 10 96
92 14 95 90 7 81 10 1 61 82 63 79 38 50 67 73 19 33 34 13 55 39 27 59 53
100 84 37 59 69 70 47 45 83 75 38 94 3 66 81 68 25 21 49 97 27 65 40 33 2 1 56 88 78 11 30 12 64 99 90 18 10 86 36 79 14 16 57 53 42 63 74 15 41 58 7 50 73 34 89 5 46 62 31 24
25 13 24 79 23 75 44 35 1 31 18 27 22 32 48 84 16 8 41 42 64 58 78 67 88 6 54 34 51 60 76 17 10 19 46 71 38 28 70 5 39 95 73 68 15 21 74 93 43 86 96 83 4 47
95 79 22 31 26 62 91 39 12 80
31 6 21 80 41 77 27 56 81 62 97 26 94 75 44 28 96 91
42 51 58 79 64 17 69 27 70 67 72 36 21 73 31 4 81 88 97 39 13 84 35 5 24 83 90 100 29 12 86 78 44 30 57 60 33 40 43 85 68 89 38 32 28 41 59 55 23 19 45 11 15 50 6 93 80 92 99 87 63 37 54
11 85 5 18 54 77 14 75 23 73 68 30 81 74 92 76 24 57 61 56 88
23 4 87 69 68 79 63 36 46 97 1 98 3 37 49 39 80 48 92 19 72 14
68 54 4 70 94 85 5 92 83 66 74 63 26 78 59 75 41 1 34 19 81 30 46 43 10 9 12 11 99 21 89 23 80 24 93 58 100 16 29 40 18 37 61 51 14 2 35 25 48 88 32 97 45 57 52 3 77 65 73 79 15 49 7 91 96 13 8
44 35 34 41 5 74 73 66 87 42 3 99 15 65 25 43 45 50 19 1 36 55 11 28 60 75 26 14 54 71 29 39 31 8 68 53 7 24 92 10 83 97 85 27 82 9 79
34 87 39 2 56 6 8 61 67 7 18 46 99 83 86 33 95 43 32 91 24 79 23 98 13 49 45 3 80 5 51 20 11 27 53 69 37 4 21 52 57 41 47 62 85 14 48 81 78 25 71 29 28 50 12 60 96 97 17 30 92 54 31 84 93 35 90
91 19 34 29 17 20 98 59 96 61 12 70 65 95 82 75 37 93 60 88 30 31 47 58 51 69 99
26 84 40 90 30 91 12 68 75 87 14 28 77 1 51 27 86 24 8 72 56 74 97 62 96 89 71 2 57 94 48 16 41 55 34 98 32 31 43 82 54 52 10 11 49 36 45 20 80 7 39 63 88 4 47 79 58
95 70 100 78 24 85 3 64 90 39 63 68 50 93 58 32 74 4 61 18 45 21 20 59 84 77 69 7 35 47 11 62 23 8 27 34 91 25 36 92 75 82 83 29 31 55 42 33 67 65
93 63 49 44 58 42 33 9 94 79 23 76 62 50 47 92 3 39 82 72 97 99 21 1 28 22 7 14 78 80 77 36
63 38 65 96 4 27 39 92 91 54 58 23 52 93 61 84 10 62 14 73 35 74 28 18 77 97 44 26 7 1 64 42 33 72 85 9 45 67
19 97 41 71 18 48 93 33 51 83 38 79 25 69 65 57 47 78 81 34 53 1 80 66 56 88 92 11 23 15 90 61 100 9 16 40 6
38 76 39 4 88 31 67 27 33 42 14 55 82 94 68 64 28 81 49
30
72 97 12 65 21 6 95 49 48 82 18 27 32 86 17 60 58 4 59 90 94 98 63 56 53 57 42 75 88 5 96 34
27 99 22 83 58 28 78 18 2 53 39 65 1 7 47 85 94 92 46 30 34 67 11 60 9 42 17 57 91 63 6 51 55 3 98 87 64 73 48 29 74 10 35 70 21 80 32 45 12 100 16 84 14 25 37 54 4 76 20 68 43 71 72 59
86 49 65 23 54 32 72 7 45 6 26 87 8 10 95 33 3 68 82 15 46 16 37 9 22 98 29 28 36 74 21 99 80 11 27 48 90 83 5 61 92 84 96 25 2 50 53 89 4 31 88 34 78 38 24 55 56 40 67 18
60 26 85 93 16 6 43 57 96 64 82 1 91 72 31 54 33 4 13 73 44 90 66 75 78 55 10 29 51 38 21 100 42 81 40 12 56 27 30 17 63 97 11 15 22 47 59 8 39 32 19 83 68 52 98 37 80 41 76
22 2 58 56 16 59 100 93 14 73 65 32 49 99 12 39 57 36 4
94 66 64 29 39 88 81 30 2 82 69 40 87 23 17 59 67 16 86 6 27 33 91 70 31 100 34 18 44 21 42 95 12 22 63 74 78 24 14 41 71 98 53 61 4 83 35 90 47 77 96 84 97 3 85 25 43 13 58 7 92 45 51 46 36
40 25 43 36 41 63 87 29 88 39 73 12 100 82 94 69 89 38 30 79 93 19 9 17 33 68
64 51 7 69 80 82 73 83 30 40 24 76 38 55 49 58 92 22 18 77 79 41 35 17 86 32 5 50 98 9 96 27 56 72 25 48 2 44 85 70 26 11 91 37 1 99 68 21 65 13 15 90 94 88 28 42 6 87
48 96 31 98 9 59 15 27 92 82 50 33 86 73 84 42 28 53 44 8 99 25 55 64
80 25 79 74 52 35 68 32 64 12 39 59 98 36 49 4 72 76 26 5 30 40 78 75 10 9 58 61 37 44 20 63 42 34 90 2 93 45 18 89 71 1 54 81 83 53 100 84 95 8 70 82 41 23 65
18 58 16 21 14 43 9 86 100 65 59 41 56 81 76 7 3 27 50 42 83 47 10 32 4 80 48 98 89 97 78 8 66 2 44 15 91 23 63 70 19 31 33 34 93 39 20 79 13 92 37 74 95 82 36 46 30 64 90 85 88 55 61 35 69 84 57 87
-20 -76 32 -3 -26 39 -87 34 -29 62 -79 -23 16 -81 -73 -61 -60 9 -37 -77 23 27 -57 -90 -98 94 30 2 -43 30 30 81 -75 17 16 26 -58 -16 97 -49 -56 1 -92 0 22 84 71 -87 -18 12 47 61 -79 81 1 51 -94 -98 16 -96 -69 32 -66 -57 81 -27 76 -62 -94 -86 -90 -6 29 -84 68 24 -1 -8 -21 -18 72 -73 19 -22 -73 40 -22 -17 -32 80 66 -26 -54 -28 95 65 78 -33 89 -32
-58 -31 -31 64 65 30 -26 7 -72 43 93 55 1 -4 -22 -78 -53 36 -84 85 -68 -8 -62 -71 -51 4 -14 -20 27 67 -93 -10 -60 99 56 69 -75 -71 7 -41 -29 67 1 34 -23 -24 62 -7 -30 -99 9 -97 52 4 69 8 -66 89 16 70 24 99 -80 31 79 -44 25 77 8 -53 9 -92 36 72 -12 1 85 -88 38 2 -68 -62 -91 80 93 -3 -40 58 9 -93 84 21 55 79 68 27 -76 -61 -1
80 50 12 -97 82 63 66 -75 -77 78 -44 -7 -75 -30 77 -60 -97 -8 87 -57 51 -94 -35 10 -19 12 21 68 -75 -4 97 -61 0 -95 -4 -19 42 -49 82 28 -15 -63 -21 -74 -34 85 -70 85 -35 93 32 60 66 -57 16 70 80 40 4 10 -91 -100 -96 -51 59 -58 -48 -76 3 -82 -85 50 44 -81 -48 95 -36 -38 -91 41 2 60 -31 -7 73 -88 13 -7 57 55 -19 47 -65 14 -66 56 87 -38
-41 13 10 -19 -20 -2 92 99 52 23 60 61 -18 -99 2 -84 75 80 -9 35 92 10 -29 61 45 31 -51 -32 87 -93 94 -98 -71 -75 -38 47 91 -98 -20 10 56 15 -75 21 -10 -91 68 -61 -23 -74 8 80 -35 -46 80 -41 -88 60 -59 32 -61 19 35 -80 30 52 29 64 71 -89 99 71 -92 -50 -87 36 -81 -68 59 -69 -49 83 -26 89 27 16 23 23 98 57 27 -10 -89 -71 23 53 99
-78 98 -77 -97 -76 82 -15 -8 13 -71 82 38 -10 -28 6 -43 28 15 -49 -30 -20 -27 -5 -85 -35 -56 94 99 -97 90 -8 66 42 85 32 82 -48 20 -33 -66 30 18 -32 -27 22 15 -18 -70 -95 47 -38 -71 -81 -50 -59 40 -81 46 84 81 -92 51 -79 78 61 -17 -45 22 48 -32 24 66 56 -2 72 58 -95 -86 89 -33 16 -55 -46 -45 -69 58 -50 -61 25 -59 68 -76 83 39 11 29
-48 -98 48 -92 14 -77 64 -27 -57 -62 -36 -58 -16 -93 34 -96 -31 -94 4 32 32 -93 -94 78 -100 16 -71 -56 8 -17 -55 -17 -79 81 85 -51 66 -67 -79 70 73 4 -47 79 -19 51 13 -32 -35 54 -20 38 100 -87 43 54 11 88 -53 -25 -73 8 3 6 -70 -65 20 -31 73 56 -35 -97 57 -86 35 -46 22 11 86 49 43 -5 35 -39 -95 -3 -68 88 -39 -61 43 -22 -28 -77 -63
46 39 13 -28 -17 34 31 51 -29 -49 -8 63 -54 24 -85 -67 -60 -38 -21 -12 -55 -81 46 -91 -94 -81 -100 -56 -47 -88 -89 -18 92 -22 -39 -30 73 16 35 0 -50 -89 79 31 43 -44 -12 -81 -82 -89 -60 -59 27 78 -63 69 -97 -44 56 -91 83 26 21 67 90 46 -57 -14 -29 -98 65 18 -53 -96 41 -41 58 22 -51 -23 13 -31 86 -78 41 73 97 79 41 -40 55 25 -88 15
-55 -60 67 42 -68 -86 36 96 -60 85 -90 55 -61 -52 -93 14 -35 -36 -21 23 -15 -75 -38 -76 -10 -23 96 33 10 -16 -92 -71 -52 -45 11 -61 79 -20 -1 -92 45 82 64 -77 27 98 81 70 -72 -7 20 77 91 16 -27 -22 -71 92 -85 7 -87 -23 -5 24 23 34 80 5 -33 -28 -60 -89 -38 23 38 60 -34 -49 -91 97 20 79 -10 75 22 5 -84 -92 100 36 -18 94 32
68 -73 71 89 65 -40 -17 -87 -18 -88 -90 72 -33 -88 82 39 9 69 -5 -28 -47 13 3 50 77 49 87 72 40 88 18 81 -27 -19 -2 -38 -5 -24 28 -25 65 32 -2 -83 -47 -37 73 -34 29 69 -90 6 -55 72 -48 -5 29 -99 -31 -5 74 -40 -98 -44 -6 45 26 -28 -39 36 35 -49 35 91 9 -21 -71 -87 11 -41 -39 -20 91 3 -19 -89 53 -96 45 81 -64 98
54 45 -19 -12 53 66 43 40 88 -66 65 68 37 -94 -3 11 33 83 -3 96 97 -86 63 9 87 54 27 64 82 4 -47 98 45 -98 1 61 67 32 77 30 9 71 86 81 33 11 -84 2 -92 -27 -6 26 -45 8 -81 59 84 57 -46 21 -79 37 79 70 30 58 52 -33 59 -88 -55 81 -3 5 -58 8 -12 -71 -35 79 88 -22 -37 63 -35 64 67 33 85 95 43
95 -74 39 55 -27 50 -7 -59 -33 -57 31 -51 25 -78 79 -31 78 -66 93 -89 -52 57 -12 36 70 80 44 -97 56 35 -43 39 -57 -98 66 92 -14 14 33 73 -46 24 -51 -3 16 -58 -50 100 74 9 -84 18 20 96 -22 -3 71 -12 9 -58 -67 64 -18 12 -24 -61 6 27 60 -19 27 52 -12 -71 -60 65 28 -89 -66 -10 82 -9 69 14 -55 36 -20 -67 80 -9
-44 7 -92 24 29 20 36 -55 -21 27 -5 49 -9 96 22 67 -97 10 -43 -64 51 100 -55 -43 -68 -92 -32 -50 -96 -88 73 -1 94 -90 44 70 72 -1 57 41 -10 -82 -32 72 20 -100 64 99 31 -46 59 -71 -34 52 -58 -8 -15 -19 54 -41 65 20 -39 -43 -10 25 7 -40 -37 -74 63 -83 -73 19 -88 -87 0 -27 11 97 25 -35 -10 67 1 14 -46 98 -19
-98 18 68 77 -31 -26 -4 74 -54 -86 59 15 -46 -96 25 -8 -81 -73 32 24 -56 -20 -40 -28 -94 21 -90 89 -97 -3 -41 -38 70 50 87 89 -40 -83 25 -25 -83 37 85 -50 -73 -57 -50 -15 -5 -10 -20 36 7 -31 -92 8 -97 25 49 -8 37 22 83 -7 -69 77 6 58 42 -71 45 -42 -3 15 -64 -85 -61 49 -58 21 8 -28 -29 -34 -52 35 80 -66
-77 49 -34 -55 -54 77 -69 -13 -44 39 80 49 -9 -52 -32 -69 43 50 11 69 57 62 16 -55 87 21 62 -69 54 14 89 -14 60 21 1 -65 -33 -34 -56 -28 -72 -27 46 -8 84 -16 17 90 74 -81 -90 -77 -54 46 23 -72 96 -23 4 78 -90 -13 -85 91 -13 -88 -55 99 -9 86 69 100 -98 -52 53 -39 98 18 87 68 80 -67 -68 -20 -57 86 -54
-10 39 -86 26 -43 -91 53 22 -6 1 2 -8 53 26 -100 21 23 -95 53 67 70 70 -45 42 -10 -39 -78 79 91 42 99 -2 -37 -40 22 -17 46 79 3 -83 0 -78 74 51 -15 98 -65 4 66 93 13 -6 -8 93 72 -79 -2 32 -14 65 25 -100 42 48 -38 -42 73 23 92 -100 52 85 -70 -44 41 94 58 23 -65 -46 -88 10 91 -99 83 -97
-94 31 50 -39 -86 -15 15 0 -18 60 17 52 -55 74 -67 82 -32 60 -36 -8 91 -29 -41 -32 52 56 -52 41 -62 -9 -48 -77 -21 -22 -21 27 29 -17 -78 2 -18 -21 -16 4 -68 28 80 -58 7 -86 11 64 61 8 75 29 -38 -38 2 48 33 57 -47 100 88 -13 62 47 -72 -70 -13 26 81 34 -35 -67 -17 96 -23 -30 86 -30 -79 -91 33
28 42 33 -44 73 43 58 -17 -52 41 87 92 45 -21 -41 -84 96 -91 0 -5 88 4 -80 -76 -45 35 -46 -69 -64 -84 46 98 -32 -53 -69 -79 -68 -72 -81 85 -13 -11 39 74 40 69 89 -75 -56 11 -59 -90 90 82 69 88 -14 84 -29 -10 3 -90 -83 -49 23 74 18 69 12 92 -96 41 -80 71 -92 25 27 51 13 28 79 -45 -53 53
-63 -88 -52 21 -37 33 -77 69 -33 -83 84 53 52 -12 -13 -55 -8 97 -20 -65 -27 -89 80 71 -58 76 52 34 -73 7 5 66 86 -44 -51 -71 -27 -66 -22 25 -45 -57 31 29 88 28 -27 83 -83 62 43 -69 92 40 -13 57 72 -82 -18 69 -41 -29 79 26 35 37 -17 24 39 28 90 -82 94 -69 16 39 81 -50 -41 -60 83 -65 -79
-25 54 81 96 75 66 -12 -97 3 -8 91 -67 3 42 -99 -96 -72 52 -51 95 13 -99 -27 70 37 47 -34 56 63 -60 -6 -21 5 71 -13 68 -56 -65 -18 -10 93 -18 11 -16 60 -89 98 38 -9 -94 -49 78 5 -45 69 -52 80 -1 -44 -35 -64 -77 -7 30 63 77 19 -4 -15 -60 0 -40 13 -100 35 77 -26 -44 63 -85 -42 -6
69 12 -92 -82 19 -58 75 -81 97 31 52 94 51 0 26 17 -82 41 -9 -93 -46 61 83 87 21 42 -1 -50 -68 78 -3 56 57 77 87 -32 -77 -63 15 62 -27 -58 92 6 20 21 98 -16 64 44 -9 -74 -35 -78 -11 -5 39 -75 -58 57 -3 -2 -76 89 -74 -13 47 5 60 -26 -57 -8 -28 89 -45 -33 -16 52 60 1 13
-6 -76 12 6 64 52 37 19 54 81 -5 -36 -43 49 18 -98 -59 -52 -9 -8 -96 -77 94 -89 -62 -85 -93 95 -58 65 82 -11 23 19 -56 -15 -91 -82 6 48 -65 49 21 29 54 -43 -61 42 94 7 -90 -26 78 26 -46 -57 81 20 -78 -12 28 -81 85 61 24 -83 36 -60 64 -64 50 -89 92 -79 -15 16 -55 -3 -54 90
-64 -10 7 -36 52 -86 -57 70 13 -53 -65 -44 4 -9 -20 89 99 52 81 -88 25 29 -36 -81 -81 -9 -91 13 43 28 -52 -22 -37 -47 -78 -94 -47 76 2 25 -20 -65 -83 -59 15 -90 -28 -8 -19 6 -37 53 -57 85 -66 -25 50 -79 98 71 -37 39 -23 -71 57 76 -43 23 44 3 98 -39 -40 -41 -33 -74 -52 -65 -77
6 -98 20 -74 -13 -28 97 -39 -63 86 31 -30 -27 -64 -11 -66 94 80 70 -9 -83 -84 -54 -17 -87 92 3 28 19 -77 -74 -34 -35 -69 77 93 46 40 -12 24 -76 -77 -48 -24 14 5 -27 22 -88 28 33 98 -14 69 -79 98 -67 -38 -80 95 9 34 35 -68 19 10 64 23 57 -95 8 48 -29 72 -58 -11 37 34
-17 -54 55 17 59 8 -25 35 -56 83 60 95 -29 79 24 66 -98 -3 65 46 27 54 -38 5 -47 -31 53 -83 44 -30 96 -63 -5 97 -3 -90 47 -3 100 -71 35 98 -61 -17 -100 -63 -90 10 -27 12 14 -99 57 -1 74 51 9 81 98 70 -60 100 -82 43 -23 -29 -2 -37 8 63 -27 50 97 56 -88 -58 -31
47 -58 -51 74 -46 94 14 -8 -40 -49 -75 -67 -28 58 -2 66 -31 -13 -14 64 15 -47 55 62 62 19 54 -60 -48 -51 -84 67 68 -46 -65 20 69 92 31 22 -6 -54 -18 66 -2 21 -44 96 -24 74 1 -31 -55 -100 -51 65 -20 15 68 -52 60 21 -59 2 38 -2 70 23 27 58 -2 87 -61 57 -69 51
77 -20 -43 56 40 95 75 25 63 71 16 -86 7 79 -87 -53 84 -70 82 -47 -52 96 -60 24 -67 81 34 90 14 89 -49 78 41 -64 70 -31 88 82 86 -82 69 -31 89 -76 91 19 -47 -2 -64 -56 -6 34 70 93 -48 -89 -78 25 22 77 -23 -37 53 66 69 23 44 49 12 21 -3 -8 -62 -91 -98
71 -56 7 81 -26 -45 -88 -4 32 -7 18 59 92 50 36 71 94 -88 -16 -26 75 43 -28 31 -94 -19 -72 41 -51 -22 -83 -65 97 -31 17 -27 82 -55 6 48 61 63 89 -61 -46 -12 -6 86 44 -21 -55 -33 80 62 -70 25 -85 77 89 25 -5 9 81 1 -65 85 46 5 89 17 -90 -45 -40 -87
-6 -19 -32 -26 -1 94 -1 -13 39 81 64 -2 34 -89 33 -45 23 64 -89 60 12 15 13 -96 -54 35 81 87 -48 15 37 -16 -76 -76 -45 88 19 -23 -38 -41 20 18 89 -34 -45 -22 -97 -33 -96 56 -74 -30 -23 -38 -15 -20 61 -26 -100 -59 20 60 80 -18 -22 -94 65 -91 -94 24 -39 57 96
-3 -7 -36 -86 -83 75 32 3 52 68 3 -17 -97 -25 71 67 -29 79 -31 69 -88 60 26 -46 -20 22 -76 -71 -32 1 -30 -18 48 16 10 60 10 22 14 24 22 20 1 -62 -14 -68 61 50 69 -10 28 20 -42 -93 92 -48 57 19 -74 29 1 44 -11 -92 -25 43 -28 -31 -68 94 -4 98
93 60 -47 -13 -65 -20 57 44 69 53 -70 -79 -40 70 -50 41 -53 81 27 -5 97 -8 -37 -82 14 0 -33 -62 6 -32 -63 99 51 46 21 77 -29 -22 -93 -77 1 -13 97 -46 32 19 -62 -6 -20 -67 62 -24 -7 -51 29 -36 -74 -10 65 -36 -44 -58 58 -68 -82 -47 58 -17 80 62 -35
-90 -97 -97 20 73 14 38 35 -70 66 82 98 -75 -56 31 80 34 42 53 99 -22 23 82 90 -6 -95 66 28 89 52 34 -53 -90 -30 99 -37 8 79 49 -89 -87 57 80 16 26 19 -71 -7 -33 96 -40 78 -34 -19 -92 -54 -57 30 51 25 -77 -8 -30 -60 21 -99 12 94 36 22
-99 29 93 34 67 67 40 -90 -5 -98 -60 -36 -7 11 8 -61 58 57 53 50 29 50 71 15 -8 13 -26 -87 -68 -64 -100 -1 -50 54 -71 41 -79 74 56 98 -56 28 72 17 -69 -68 75 -84 69 -33 49 95 -5 -89 -55 79 -32 -46 -78 -99 33 67 61 42 2 -91 -29 -47 37
46 42 86 -15 31 -60 -62 22 66 54 -24 -66 39 64 63 43 -30 48 -8 88 -5 42 -80 -75 -24 -43 -82 18 57 -54 12 -22 -14 30 -74 -74 -9 68 65 24 -62 11 52 47 65 -6 91 93 -60 -91 -28 0 30 51 63 -32 -39 -81 50 -28 80 58 -28 -11 -61 40 17 2
15 -43 92 68 -39 -46 14 2 64 -54 -4 -30 -50 -83 -46 99 41 64 -31 42 -53 1 -64 -51 -1 -65 64 40 -64 44 27 55 -10 80 79 -47 6 45 -49 -41 66 44 95 21 -33 49 -66 -49 72 85 0 -66 6 -90 15 96 28 -98 -35 0 77 14 -66 70 26 -70 41
94 59 -13 55 -34 -21 -6 -66 98 -31 6 -71 -55 -46 7 12 -31 85 -44 59 -73 53 35 -82 -33 37 10 -81 -69 -69 87 36 40 -56 86 40 46 53 52 -66 -19 29 -44 -93 -37 0 -62 93 75 67 -4 -47 -77 -31 -5 5 -91 68 -88 93 -98 47 12 -40 44 -84
74 -71 55 35 -90 -12 -48 75 -66 57 -50 89 -73 -11 72 87 3 -49 11 28 -14 -21 -33 78 90 70 -52 -81 12 -16 -70 -100 -40 50 -30 -57 51 76 75 -27 31 -23 -66 64 -38 -71 79 -85 83 10 -45 1 92 -2 55 -43 16 -42 7 95 11 -33 -16 1 -37
-85 -22 39 41 54 15 37 -18 18 69 20 -39 -49 -96 8 63 -34 -26 43 15 -69 -31 -84 -32 27 -22 -40 39 47 -90 31 -92 -12 92 78 68 -85 73 -61 -81 100 49 -89 -92 -59 49 98 -90 40 -46 82 5 -12 61 -52 -66 1 -36 29 65 -53 34 -97 -73
-34 100 -70 50 29 -8 30 80 35 -86 33 20 -93 95 74 60 -29 15 19 4 18 -82 18 -53 4 40 15 -21 -54 -100 -16 86 -100 -75 -3 -33 26 59 92 -83 78 -38 -90 -48 -9 28 -57 -93 -49 85 -27 70 61 -8 -55 27 -91 -57 -46 84 93 90 52
41 48 74 69 65 -40 67 50 39 -18 71 -1 -54 -53 29 -25 -66 2 87 -96 45 -58 11 30 50 -66 -84 100 -69 25 99 40 59 72 12 -65 -82 25 32 -77 23 -11 -86 -54 86 97 34 -60 -67 -24 -31 -76 22 38 -66 95 65 85 30 68 78 -63
81 36 -5 -53 77 62 36 0 72 11 39 -59 60 30 -43 -92 -51 -58 6 31 -85 24 -12 37 56 100 -50 -84 48 17 8 0 28 79 -68 92 16 72 -63 97 98 -34 -54 -21 -16 15 34 69 13 61 -43 90 -55 49 5 -4 74 -41 -41 -34 -38
-4 -87 35 21 65 -98 34 -24 -65 -58 -31 -77 38 -17 -45 38 52 76 8 70 -81 9 -40 -3 67 -74 -56 -61 17 2 95 47 -64 -5 -86 18 64 74 14 30 10 37 -81 54 -99 -45 93 92 -91 66 97 -62 -57 48 62 -47 -30 -44 -92 -25
61 24 81 -80 -61 28 3 -20 62 37 -18 -9 -93 38 72 -33 88 -39 -30 51 -77 -28 -18 89 -36 -98 -75 69 0 -52 -72 16 -49 61 -40 -25 -27 -83 -57 78 -95 -18 61 84 84 98 -15 -3 73 -51 65 42 -18 -62 -64 -83 -98 46 -10
83 53 -85 -23 -36 34 98 -66 96 79 57 -29 -82 72 -67 58 -84 -83 -8 73 -88 27 -57 -17 -18 -88 -73 89 82 15 -3 14 -82 31 -55 -9 97 -26 60 80 34 94 -62 27 56 7 3 47 15 -43 18 51 81 35 -89 32 -62 -34
-25 87 94 31 -44 77 -33 -20 -91 86 -12 94 50 -73 -59 19 82 -62 88 -33 82 -4 87 -72 -15 23 -48 -42 9 51 40 0 78 -99 -83 -80 -45 -35 -76 -12 90 19 -17 -18 9 -36 -26 16 19 -91 86 35 -41 55 -38 -48 65
7 23 -94 -21 88 66 88 -9 -74 2 33 55 49 43 -48 5 20 -79 -98 34 5 -14 -13 -44 10 12 59 -48 45 48 49 -61 -30 -76 80 36 -34 25 30 32 27 -95 0 -65 54 -22 78 -18 -25 29 21 -85 30 -87 87 58
-28 -88 30 24 12 55 25 8 0 -90 -49 -2 -35 -25 -97 -26 -16 49 50 34 -57 35 32 -79 2 -27 -3 -2 16 7 6 47 -21 -7 -27 96 -48 -55 -75 -79 95 27 -76 68 -77 83 29 -31 34 -61 39 -97 -8 -29 32
81 -23 -41 -31 35 -86 -92 -28 -84 93 -79 11 96 31 94 0 5 48 56 17 86 3 30 -54 27 -30 -37 -41 -66 -42 3 -40 71 69 -90 28 71 -92 -65 1 8 79 43 19 -44 -8 -41 54 -24 30 -85 -95 66 -34
-74 54 -48 -63 47 54 -99 2 -56 57 90 -48 -73 54 -36 -41 -22 -99 29 46 38 -32 14 44 -72 -84 -11 79 -78 -63 -5 38 64 66 -94 -85 -47 10 99 -29 -66 20 37 75 58 93 -71 11 -36 -81 -27 27 67
-71 81 71 -11 37 75 -97 41 55 12 -81 84 54 -90 87 -1 24 68 48 -84 -58 -55 -8 85 77 -2 -30 -84 -50 88 99 -82 30 26 72 55 22 5 -69 -45 78 -2 0 31 26 50 69 -34 -72 86 89 86
-43 -73 -42 35 19 54 -88 47 83 -89 -84 -64 -63 -90 -22 83 38 -65 44 -16 71 31 -33 17 -58 -38 7 37 -55 55 99 -60 -52 63 97 -45 -98 -2 -95 95 -7 23 -30 -72 -24 15 8 59 -18 29 4
-96 81 52 -41 45 21 -44 -77 -37 -65 -67 98 0 13 84 75 35 9 -89 40 5 70 -45 25 -75 33 -47 27 -34 -70 -8 -32 -24 60 38 -14 -4 -29 55 -92 -70 -25 -36 -85 -13 -54 30 -2 -98 57
-9 74 -26 -60 89 21 -40 -85 -75 -32 -8 -5 56 96 84 -19 -8 -64 71 -82 14 10 40 74 -10 75 -26 -25 64 -15 -58 -74 65 11 53 -94 -8 -84 -16 28 53 30 57 -57 -13 -27 65 -82 81
34 74 -48 86 -16 -90 33 40 59 -46 -29 9 -38 -5 47 38 -21 62 -29 48 73 81 76 75 -88 -18 75 74 68 63 -23 -100 30 3 -69 -82 19 -98 23 7 -98 4 -83 23 97 -38 69 -39
71 -52 -83 92 -17 50 -5 -57 -71 -18 5 53 -75 -86 64 -61 21 -99 10 50 -53 -22 3 52 53 56 62 6 -90 -75 48 -7 30 32 -57 -9 -100 57 23 84 -84 98 -3 -87 -86 -87 99
-88 -84 -6 -64 96 78 -87 -100 -77 26 -44 -8 66 -75 -34 37 -14 20 -87 49 33 57 27 72 3 91 -75 51 -60 -47 -93 32 72 -19 -60 -76 35 -85 -94 2 95 53 -42 2 81 -13
66 -75 -59 -87 35 4 12 -32 3 11 -11 69 37 -43 -77 -8 7 88 76 -26 -53 -86 -20 72 -24 16 -84 -52 53 49 51 91 70 -6 64 19 39 13 79 38 -5 -60 -26 -15 69
35 46 -19 4 -97 84 52 -7 -61 -57 55 -43 60 -29 22 1 41 -93 37 -8 -98 -16 -61 93 -96 -15 86 -9 0 17 -34 68 -57 -1 -68 -60 -22 46 -19 -61 59 25 34 66
87 -4 8 60 58 -12 -20 85 92 -76 -92 -95 -50 -26 48 63 90 -50 5 14 52 66 -78 17 -1 97 -71 -85 89 64 -72 93 8 62 -75 29 64 -1 29 50 -82 94 26
-17 -77 -36 -91 55 -76 -45 -5 27 -26 -68 3 -29 32 -18 50 15 61 -12 18 -84 -36 -25 -88 89 -94 -43 76 99 -84 21 -80 93 -84 68 -93 -37 9 69 -42 57 -17
49 64 -93 50 36 84 82 -30 58 -43 -27 47 15 -10 94 99 -36 -92 56 13 70 -42 74 46 -35 -80 66 97 54 -62 15 95 77 98 75 63 55 7 -8 11 31
78 37 -26 27 24 79 16 12 -20 -97 44 80 -35 21 -65 21 49 -27 15 -11 -75 -31 29 -19 -17 27 -17 -29 13 1 -12 -4 -51 -10 -88 -28 -33 3 -46 -29
20 45 32 -28 45 75 31 -89 -2 -79 68 -51 71 -86 -53 34 88 -18 9 -22 -94 -89 31 67 -70 -26 38 -45 -67 81 98 -4 -95 -24 -37 -15 -44 -96 5
40 68 -63 -62 -39 -70 -30 68 -82 63 -63 -27 -37 23 50 99 39 -13 -73 74 78 56 -90 84 -49 86 -83 -17 75 -11 -30 61 -35 -58 70 -16 79 50
-4 27 47 4 -9 -13 73 -79 11 45 -32 -26 -35 -47 21 -77 55 -40 -55 33 -31 -50 -49 -37 46 -36 -85 -19 -98 -80 -45 38 87 -21 -63 -44 98
-46 45 25 99 81 93 -76 -38 -77 -4 41 -92 99 -71 -82 -14 74 12 75 -30 41 22 55 -5 -20 36 -62 93 -51 -15 -54 -1 -42 35 -46 -85
48 -78 -1 -10 44 33 34 74 37 42 17 -49 -70 71 -75 -6 -9 -14 82 -14 -70 -62 -66 69 -65 -84 -14 29 -30 4 -6 -48 40 13 91
5 70 -57 93 45 92 -31 31 -74 48 -67 50 -85 -95 11 65 24 -64 41 91 -36 -68 69 -79 18 -61 -100 38 36 35 13 -95 64 90
89 90 11 -91 80 -82 -4 47 92 26 -43 -55 69 -55 47 14 -55 1 86 -96 -15 25 49 -15 81 -67 -87 30 68 5 38 87 35
-53 -42 90 -31 45 -35 -29 -75 -12 80 -94 -76 24 27 99 3 68 -41 -77 53 62 79 1 13 34 65 -12 13 44 -20 66 -76
78 47 -18 -39 -14 -34 59 32 -6 -95 99 -27 -48 -23 10 -32 63 75 -14 85 -7 -91 -98 -81 -93 -73 -68 -39 50 58 -29
-50 47 46 -79 10 -80 96 13 -83 56 1 -22 32 -92 56 99 -6 -11 -86 3 93 21 -15 20 75 -7 -69 -68 -4 39
-14 -87 92 71 98 36 -2 -54 -12 -57 33 -6 71 59 36 -30 0 -82 15 58 55 -8 -94 79 -22 -55 80 -66 39
-86 4 72 -12 -1 20 14 71 -31 70 -35 -93 -65 54 48 -45 -22 -22 38 -54 -49 83 -95 52 -48 28 -30 31
57 -11 71 -57 17 97 87 44 46 -4 11 3 86 41 -17 20 21 -57 -1 -11 -96 -75 30 51 -35 39 -81
-25 86 72 -66 -57 -93 -42 25 -54 -93 -76 -68 27 51 34 -61 -32 24 -40 -30 -19 10 -88 -13 -94 -41
-51 -51 37 23 -31 83 89 64 76 -8 50 -60 -54 -98 -76 -81 67 24 -99 99 -63 -46 75 42 37
-58 -100 29 -92 -53 -90 52 -55 64 -64 -30 30 76 -58 93 92 15 7 -75 -16 40 21 -75 -4
-31 -3 32 43 -13 -60 -58 32 68 -77 33 53 49 -37 -44 12 34 19 61 45 -72 -58 39
-44 79 -68 83 -77 -90 46 99 -60 -78 -21 71 5 2 -4 -42 -62 64 42 7 8 -64
-50 -45 9 -23 67 49 -38 -96 -44 47 -2 -32 67 42 93 73 -37 4 -61 21 25
96 -76 86 13 -74 -12 7 -6 -62 36 -4 58 -21 63 99 -20 -82 17 -93 12
-18 -31 79 60 -78 -40 26 18 35 42 -76 -16 -6 70 31 34 82 18 34
58 -9 -79 -55 84 -34 32 -26 22 0 -11 -35 99 -43 13 20 41 -87
48 26 -57 51 68 57 -73 -80 46 100 89 30 -82 -59 3 -34 61
-88 -99 -34 38 -6 -28 89 -6 -96 80 95 -50 20 55 44 -12
-64 -84 -75 -23 -96 -83 -71 -84 -7 -38 49 -89 95 22 -43
-37 42 60 -23 87 56 -54 -11 -50 12 -74 -37 -16 65
-37 -62 82 -63 80 85 -3 12 -84 -97 71 -10 -44
-43 74 12 99 -15 95 49 64 40 91 79 -4
60 -43 -14 6 58 81 -100 -57 -43 19 76
-69 21 -40 46 14 -20 79 70 -11 38
16 -83 -25 -62 -17 -72 94 0 23
-49 44 -50 65 23 39 27 58
38 93 -17 -84 -52 11 29
-98 -50 99 68 49 22
-5 -87 -17 -53 -30
-2 71 -14 -15
8 -70 -84
64 -31
26
