25
13 10 7 11 8 12 7 11 7 8 9 5 8 10 5 9 12 6 5 10 9 5 12 8 7
1 2 4 5 7 9 10 12 13 14 16 20 25
4 5 8 11 13 14 15 17 21 22
5 13 14 15 18 20 25
1 4 5 8 10 11 15 16 18 20 21
1 5 9 12 13 14 16 25
1 2 4 5 8 12 14 15 18 20 22 24
2 4 10 15 20 21 24
4 5 6 8 10 12 14 19 20 21 24
2 6 14 15 21 24 25
4 5 8 11 14 16 18 21
1 4 8 10 13 14 17 24 25
3 5 20 23 24
1 2 5 11 13 19 20 21
2 4 5 12 13 16 17 20 22 25
1 4 5 19 22
4 5 7 11 13 14 17 18 19
5 11 13 14 15 16 17 18 20 21 23 24
4 6 10 14 21 22
1 8 14 15 21
5 8 9 10 14 18 20 22 24 25
4 8 11 13 14 15 16 21 24
5 8 16 20 24
1 4 5 10 13 14 18 20 21 22 24 25
4 5 11 14 16 21 24 25
1 5 8 15 16 18 25
-82 -8 10 -31 -51 0 -40 46 19 34 87 -11 -4 11 -62 86 32 85 -61 -95 -73 -53 -66 -69 -39
20 -11 -41 -81 36 56 -28 6 -11 66 31 79 -89 -45 25 -84 82 77 43 -35 62 -99 -29 -20
-31 -96 -5 3 -74 -70 -42 30 58 -87 95 13 -20 -76 99 49 -55 71 76 -19 -85 17 20
-92 93 -97 43 -72 -73 92 73 -89 81 -48 -37 56 55 83 -16 -39 6 -82 -75 -99 -13
-9 -51 23 12 86 -46 -55 38 85 18 -23 -25 74 -19 69 -89 -41 -97 22 -99 66
-10 58 -49 -7 75 91 -24 -81 -1 -78 27 87 100 -80 -72 -62 -1 15 30 56
74 67 1 62 -96 -35 -24 99 7 -1 -81 -71 42 16 22 -98 30 88 -81
-90 -44 -69 80 -50 -91 54 -61 -45 67 -46 0 -17 -97 8 -75 -8 -36
-36 -53 46 -57 48 -80 -72 61 -92 52 86 8 -72 -71 20 87 84
31 -22 -97 4 63 -84 -19 0 26 10 46 62 -30 50 83 34
22 1 82 -59 -98 18 53 83 28 -54 73 -26 -80 35 -99
-64 -6 -76 -73 100 -72 -26 -80 79 22 -14 1 -27 59
90 -6 99 100 38 58 90 -11 -100 -9 9 96 -9
18 -27 -7 31 33 67 -69 -77 24 -67 -31 -15
-49 -82 -7 87 59 -10 18 41 80 -58 -7
-60 -55 -91 50 -79 20 -96 -23 56 83
25 47 59 -76 -38 68 -60 44 100
-97 77 64 44 10 -40 17 -52
-1 -62 17 34 -92 55 -57
-35 52 42 88 -38 58
-21 -5 -13 -4 -46
-10 20 -56 -19
59 5 94
-12 7
-77
