25
2 2 2 2 2 2 2 2 2 2 2 2 2 2 2 2 2 2 2 2 2 2 2 2 2
21 4
1 24
9 8
8 5
24 4
22 24
18 3
19 14
2 1
3 7
8 17
20 1
18 7
23 21
23 18
14 8
15 19
9 1
25 6
23 14
11 9
5 7
25 11
4 3
13 4
1 1 9 -2 -9 4 7 -7 2 -8 7 -1 10 9 1 8 -4 -8 -9 -3 -1 -8 -3 -7 2
-2 4 10 1 -5 1 1 -4 -2 10 -8 9 10 -5 7 -3 -5 4 2 -2 10 7 -3 0
-9 -3 -9 0 2 -2 -8 -4 8 0 -4 10 5 2 10 4 -6 -2 -6 -3 7 7 -2
8 3 8 2 1 -3 -6 6 5 -8 -9 -7 -6 10 -5 3 9 -8 2 2 9 4
6 -2 7 -10 -7 7 -2 10 0 -7 -1 3 -5 4 -10 -2 6 -5 6 -7 10
-1 10 6 9 -4 -6 1 -5 7 6 -10 9 0 5 -10 -7 1 -1 -3 -9
-3 8 -8 -8 5 -8 7 -6 -6 5 7 -5 -2 6 9 3 -4 7 -4
-1 2 10 1 4 6 4 -7 -3 -3 -8 0 -10 8 7 -3 8 -3
-10 -8 10 -9 -3 -8 -9 0 -8 6 -3 -2 5 -4 7 -6 8
8 5 -3 5 3 -4 -7 -7 3 1 3 3 4 -9 10 10
-7 -9 2 0 -7 -3 -4 -4 7 4 -6 3 -5 -2 4
-3 -8 4 7 -7 -9 10 7 -10 -8 -3 -5 3 5
5 -4 2 -9 -5 2 -10 2 -2 4 -1 3 7
5 -6 -4 -1 -4 -9 8 7 -9 0 -9 -9
8 5 6 6 -5 -9 6 -8 -5 -8 9
-8 -3 2 -7 8 -3 8 9 -9 9
-8 3 8 8 6 0 -2 -4 0
-3 -2 2 -6 10 -1 4 0
-8 -10 4 9 8 -7 -8
7 -4 6 -2 -6 1
-8 -3 1 -1 -5
4 7 -1 9
10 6 -10
7 -1
-7
