100
10 10 10 10 10 10 10 10 10 10 10 10 10 10 10 10 10 10 10 10 10 10 10 10 10 10 10 10 10 10 10 10 10 10 10 10 10 10 10 10 10 10 10 10 10 10 10 10 10 10 10 10 10 10 10 10 10 10 10 10 10 10 10 10 10 10 10 10 10 10 10 10 10 10 10 10 10 10 10 10 10 10 10 10 10 10 10 10 10 10 10 10 10 10 10 10 10 10 10 10
82 15 4 95 36 32 29 18 14 87
95 70 12 76 55 5 4 28 30 65
78 4 72 26 92 84 90 70 54 29
58 76 36 1 98 21 90 55 44 20
28 98 44 14 12 49 13 46 45 78
34 6 94 59 69 16 49 11 71 38
81 80 47 74 25 91 9 6 85 30
99 38 11 30 13 49 36 59 82 47
21 48 46 27 86 35 90 88 83 10
78 82 22 69 94 32 21 60 49 35
82 89 72 29 88 42 99 100 8 30
5 41 52 35 9 28 73 92 84 64
51 83 59 19 34 18 32 96 72 69
34 96 75 55 52 47 29 18 66 64
12 97 7 15 20 81 21 88 55 77
9 50 49 77 60 68 33 71 2 88
93 15 88 69 97 35 99 83 44 38
56 21 59 1 93 34 65 98 23 14
81 39 82 65 78 26 20 48 98 21
70 100 68 1 77 42 63 3 15 47
40 31 8 73 11 94 63 9 98 69
99 17 85 61 71 22 34 68 78 55
28 70 97 94 89 26 92 40 52 86
84 48 57 67 58 16 32 29 9 44
3 76 71 30 29 1 10 91 81 8
30 9 5 43 10 66 31 36 86 63
28 70 17 93 74 61 32 53 25 13
13 85 56 46 55 53 60 94 7 87
84 83 13 8 52 94 44 14 32 25
25 69 58 18 55 24 36 60 32 10
57 71 13 7 84 70 2 12 97 31
22 53 63 62 28 52 8 49 1 50
34 59 37 55 90 94 72 85 92 63
20 25 38 28 8 75 95 70 96 41
8 7 75 62 65 68 21 66 11 24
9 77 87 31 52 16 73 32 75 6
80 11 54 85 75 73 67 41 34 27
86 92 41 31 34 51 17 83 39 59
41 97 10 2 59 80 73 13 69 28
65 34 17 45 9 32 48 37 21 57
70 91 39 79 84 68 2 86 71 85
14 18 34 15 96 71 20 35 37 78
27 92 44 88 82 34 65 63 33 7
12 82 55 36 6 1 43 99 17 34
21 95 57 71 91 55 72 2 15 10
89 20 70 5 48 75 71 19 56 17
6 40 47 46 27 88 32 86 14 100
72 53 80 96 20 31 21 23 4 95
43 53 86 95 32 35 21 90 14 49
5 61 29 26 59 45 40 30 4 85
25 52 43 36 9 99 45 83 66 87
69 43 4 15 34 23 75 5 14 77
56 45 94 41 78 66 15 50 74 25
33 6 91 56 1 67 69 88 93 95
95 86 26 47 56 9 43 80 41 85
16 93 39 65 40 86 53 42 52 90
38 71 17 25 54 86 49 87 96 23
79 73 39 52 71 1 37 27 56 75
78 84 42 60 57 87 28 66 61 95
22 85 11 37 66 82 80 43 12 97
31 87 40 29 26 19 4 6 32 61
79 99 10 59 54 81 74 25 92 90
50 64 52 32 19 84 89 1 97 99
14 100 55 29 23 90 67 60 7 72
32 16 59 18 60 86 68 72 77 41
97 57 79 93 65 55 71 58 21 96
61 58 34 97 32 82 36 99 100 67
63 81 31 36 57 10 92 37 35 43
41 70 11 18 20 30 50 89 91 28
9 54 53 43 70 60 8 27 50 99
75 90 3 98 74 49 62 1 46 39
97 50 54 69 96 95 70 78 29 63
29 35 56 63 4 50 44 86 87 52
93 22 60 17 80 69 4 51 76 73
85 4 11 83 55 18 60 24 7 34
49 42 28 59 44 98 36 97 54 33
11 61 3 96 70 7 45 29 84 9
100 84 6 97 4 32 26 3 80 20
31 17 61 86 15 73 28 60 90 33
99 48 22 78 96 92 15 100 21 40
14 75 4 40 74 87 49 51 92 26
10 76 89 81 32 14 90 99 39 88
77 16 73 6 45 69 55 85 48 9
65 83 44 2 54 63 14 56 47 82
59 91 20 56 23 94 67 84 35 79
69 100 62 60 56 94 76 35 42 32
12 36 58 32 97 60 73 79 86 49
44 4 64 42 24 63 28 46 34 36
77 90 36 72 2 67 25 11 31 93
53 63 72 98 31 89 61 83 92 58
3 12 38 29 52 89 32 40 85 75
48 61 71 68 45 55 96 43 46 90
59 35 40 33 30 16 93 25 41 96
69 98 89 24 25 28 95 62 36 93
76 98 68 77 37 13 25 38 30 47
23 39 2 91 69 17 36 6 7 71
38 90 17 82 97 63 14 2 74 37
61 62 57 44 24 7 33 15 9 52
63 10 74 81 88 7 20 73 39 11
32 16 72 98 54 78 77 80 29 100
6 2 4 4 -1 8 3 -1 8 9 -9 9 -7 -4 10 -4 -2 -8 -5 -3 -5 7 -8 -5 -10 3 4 9 5 -1 -9 -3 -1 -1 4 -8 -3 -2 10 8 -4 3 -7 7 -3 10 -6 -2 -6 -8 -9 -5 -1 9 8 -1 4 -7 4 -1 2 -2 6 7 5 4 -8 9 -9 3 0 9 -2 -10 -8 -3 8 8 -10 -2 8 -9 -5 5 6 10 4 -2 -5 8 3 10 5 -8 5 1 3 0 0 -7
-5 0 3 5 -1 2 7 -9 4 -8 0 -2 0 -7 2 6 -10 7 4 3 -9 -4 6 1 9 5 10 4 -9 -4 -2 7 -6 -1 4 5 -7 -10 10 9 -3 -5 -1 7 -10 7 3 -8 -3 -7 4 -7 10 -6 5 -1 6 -2 3 5 5 -3 4 7 -6 2 -4 9 6 -6 -8 -2 3 0 6 -2 -10 -1 -1 8 8 5 -6 4 7 5 1 0 7 7 2 4 0 -4 -3 8 2 -3 3
-9 0 5 2 2 10 -6 5 -9 -6 6 8 0 -7 4 -7 6 4 -10 -6 3 10 -6 -8 5 -2 0 9 2 10 -8 0 7 2 0 10 5 7 -9 9 -8 -3 10 -1 -3 -8 3 -7 10 -7 4 -5 -1 -10 -9 0 -9 -1 1 1 3 -6 -3 6 3 8 -5 -5 -5 -8 9 2 9 -3 5 8 -6 -3 4 10 -2 4 -2 -10 4 -1 7 -5 -8 4 1 8 -1 10 3 -2 4 -1
-4 2 5 -7 -3 2 8 1 8 -1 -1 -10 2 -2 -10 8 -9 9 5 -1 -3 9 1 -3 10 -4 9 -2 -6 10 -7 10 10 -9 -1 4 -9 8 1 -6 -8 -1 0 3 -5 -4 -6 7 1 6 6 -2 -5 -2 5 -1 0 -7 4 -8 -6 -3 2 7 1 -8 2 -10 -2 7 -7 4 1 -2 8 2 10 1 -7 -3 5 -10 9 7 0 9 -3 10 -8 10 4 -1 10 3 -7 -6 -9
-9 -1 5 -7 -7 -3 7 -6 2 4 1 7 3 8 -6 3 10 -7 5 9 3 -2 -9 1 -4 4 4 -3 1 -7 1 7 10 1 -9 2 -2 -4 -7 4 -8 -4 10 10 9 -10 -9 0 -3 -6 8 -4 -8 7 -4 8 -4 -3 0 -6 9 -10 -2 -6 -6 7 -2 -5 -7 -10 -6 -10 1 -3 8 0 -10 -5 -2 -9 -6 3 6 -7 -8 5 4 1 6 8 -7 4 6 -3 9 -9
6 -1 4 10 -10 -9 5 2 3 -7 5 4 -8 -8 0 9 -6 -8 -6 -2 9 10 8 7 0 2 9 6 -1 4 6 9 3 -7 -7 10 10 7 -4 3 4 -3 3 0 4 2 3 -7 0 3 0 -2 1 -6 5 -8 -8 -8 -8 3 -7 1 -6 7 -9 8 7 7 0 -7 3 1 3 -9 -1 9 -1 1 -7 8 6 -4 -6 5 -3 -7 1 7 1 -7 -2 8 -3 3 7
9 9 10 7 -10 9 -2 -10 -5 -2 -1 0 1 -10 -5 -6 8 2 -8 -6 10 -10 -8 6 -4 2 3 4 0 -5 1 -1 0 8 9 -8 -9 -6 -5 9 -9 -8 -2 4 3 5 9 4 3 -2 -4 6 -7 1 3 -7 -1 8 5 6 -1 -9 -3 2 9 -9 -10 -4 -1 -4 -6 -2 -1 0 -7 -10 5 3 -5 -6 2 7 -3 6 7 1 -8 2 -9 3 -10 4 -8 0
8 3 8 2 10 3 -1 -7 2 -10 0 -5 9 4 1 -8 3 -7 -3 3 8 2 6 -8 2 -1 0 -3 0 -5 -8 6 10 -7 6 6 -4 1 1 10 -6 -3 -7 -6 -2 -4 -5 9 -6 10 -8 -5 10 5 4 8 8 4 8 10 10 9 0 10 0 -6 4 -8 5 4 10 -1 -2 8 -9 1 6 -8 -1 4 4 -9 -9 1 -1 -8 10 -8 9 9 6 2 4
8 7 -9 4 8 10 -4 0 9 5 6 -6 -9 4 -7 0 -8 6 10 -5 -9 -3 4 4 6 6 9 -5 1 1 -1 2 3 0 9 -9 10 10 0 -8 0 -7 7 2 -1 -2 9 -6 0 -8 8 -6 1 -1 10 2 -6 9 -8 -1 7 2 10 0 -6 6 -8 10 3 6 1 -10 1 -1 -5 -4 0 5 -4 -3 -6 -6 -8 -1 -7 6 7 6 -9 0 9 -6
9 2 -6 -5 -5 9 -5 4 -9 3 1 -3 4 9 -1 4 -3 7 -3 -1 5 -4 1 8 4 4 -1 2 6 6 3 -5 -4 9 -6 -2 -9 10 5 1 7 -7 6 -7 -1 -8 -5 -2 4 6 -6 3 -8 -3 4 1 -10 3 -9 2 6 1 -3 2 -8 1 -3 -10 0 -7 10 0 -6 -6 -9 -1 5 -6 5 4 9 -10 -8 -10 -2 -4 -6 7 9 6 3
-7 -1 -3 -1 -7 -9 -3 3 10 9 4 -8 -7 5 9 7 -10 10 6 8 -3 -6 -1 3 -10 9 1 -3 8 3 -5 -8 6 1 -8 6 7 6 6 7 -10 2 5 -9 10 2 1 -2 -10 1 -8 1 -3 10 -7 8 0 -6 -9 1 7 0 10 -5 4 5 10 -5 -6 -8 4 -9 -1 -4 -9 -4 -9 0 -1 6 2 7 5 -2 -9 10 -4 -1 1 -9
10 0 -2 -7 1 3 2 4 2 0 -5 5 5 1 6 -2 -8 3 -8 3 9 -5 7 -1 0 -7 -8 0 -1 -1 4 9 3 -5 4 1 4 -9 1 9 3 -2 10 -9 -8 10 2 1 6 -5 -10 -6 9 4 -9 -6 -8 -3 10 1 1 2 8 -9 9 -6 4 1 1 4 -8 8 -6 6 1 2 0 10 -2 -3 -7 -10 -5 5 6 2 7 -7 -2
-2 4 -4 9 -1 5 -4 -7 -6 -8 4 -5 4 -8 0 1 -8 7 7 -1 -1 -5 10 -5 1 6 -3 -7 -4 -6 -3 5 -10 1 7 8 1 4 7 -6 9 -8 -8 -1 2 5 6 3 3 8 -8 -6 0 10 -8 4 4 6 1 -6 7 10 8 -5 -6 3 6 -9 -7 6 -6 -1 -5 -5 0 -3 1 6 -1 -8 -2 -4 10 7 -2 -6 10 -1
9 7 -8 6 10 -5 8 8 -6 -5 9 9 0 8 -9 -10 -8 -9 10 8 -2 10 -4 8 3 9 10 -10 5 10 7 -1 10 -1 5 -3 2 -1 4 -8 -9 -5 4 3 5 4 -4 0 9 -6 0 0 1 2 -6 1 6 7 -7 0 -3 4 -7 -2 4 -3 -6 -7 -9 -1 2 9 3 -3 -5 0 8 0 -4 -5 5 6 4 5 -1 5 -10
-8 2 6 4 -3 -4 8 1 -9 -9 -1 5 9 10 5 -1 7 -10 -7 3 -6 -2 1 2 1 -9 2 -9 8 7 -4 1 7 -1 -8 2 6 4 7 -2 9 9 -7 -6 -7 2 1 0 7 1 -6 -4 9 6 2 6 -9 -9 -9 -6 0 5 6 4 -6 9 6 -6 0 9 0 -5 2 9 -1 8 0 6 6 7 5 8 -1 5 -10 1
0 -7 3 8 -1 10 -10 9 5 -2 10 8 8 -3 -9 8 5 -5 6 10 9 2 -6 -3 -9 8 -7 -4 -10 4 0 3 -6 3 -4 3 6 9 5 -9 -6 6 -4 7 0 5 6 2 0 -5 4 7 0 7 1 10 -2 9 5 -4 -3 -2 7 -1 -3 -1 -1 -4 5 0 5 1 7 -2 -1 -7 8 7 2 2 1 -6 -1 -9 -1
-8 1 4 10 -2 5 -4 -4 7 -2 7 -2 -6 -7 9 8 -3 -3 -9 6 -3 10 -3 -9 -7 3 0 5 -7 -6 -10 7 -5 3 10 5 5 10 -4 -1 0 -1 10 -9 -8 10 8 -3 7 -9 -5 3 -5 -9 2 5 -5 -1 -9 -10 -1 8 9 -7 0 -1 4 10 7 6 5 -6 6 4 -2 -4 -7 0 -5 4 10 -2 -5 -10
0 -1 8 -4 -5 9 10 2 3 6 0 -8 2 -7 -5 -6 5 0 -3 -10 -2 2 -3 4 -2 0 -1 8 8 -10 -2 10 1 -3 -9 -7 4 -1 -5 2 6 -1 -7 10 -1 1 9 -3 -3 -6 5 -6 4 9 1 3 7 5 7 -4 -3 9 -8 6 4 6 1 -8 8 -7 -9 7 6 -4 8 7 -6 -5 0 6 4 -7 -4
8 5 -8 6 4 -9 4 -6 6 3 4 8 -9 7 4 -1 -10 2 -2 -10 -4 8 -8 -9 3 1 -8 7 -9 -8 5 -9 -1 3 -5 -6 10 10 3 1 2 4 2 2 -8 7 -6 10 1 -7 -5 7 2 6 -6 -3 -10 -10 -1 4 7 3 7 2 -3 -3 4 1 -6 -2 -4 -7 -9 3 9 -10 -3 -4 -8 -7 9 -9
4 9 -9 -3 -9 2 4 -3 7 -4 -9 -6 6 -1 -3 8 0 8 9 0 -3 -1 -6 6 -3 3 -1 -2 -9 7 8 -5 10 3 7 5 -9 1 10 2 6 0 3 3 -6 -1 2 -5 7 5 -3 -3 -1 -6 4 -9 7 3 3 7 6 -6 2 -3 -2 -4 0 10 -8 4 1 -8 7 -4 -9 -2 2 9 9 -9 -8
-4 8 7 -4 5 -4 0 -1 -10 -4 -4 -7 5 -3 9 -4 2 -3 7 0 -1 2 4 7 10 1 -1 -2 1 6 5 4 -7 5 0 -4 1 0 3 -9 8 -3 -6 -10 -2 7 8 8 3 -1 -6 -4 0 -3 2 8 -3 5 7 10 0 -2 5 10 5 4 -5 1 -5 -6 7 5 -5 7 10 -9 6 -9 -8 -9
-10 3 -6 10 -3 -8 -6 -10 -4 6 4 1 -9 9 10 9 5 5 -10 -10 7 7 3 -10 -10 6 -2 7 -1 -10 6 3 -5 -7 -7 6 -6 -3 -4 9 6 -2 1 -2 2 -8 1 2 4 8 -3 -3 -1 -8 10 10 -9 -8 2 2 2 7 5 -9 10 -10 -5 -8 5 3 10 0 8 -7 6 -9 -3 -4 8
5 -2 -9 -8 -2 7 8 -9 -5 0 -10 -4 8 -6 2 -8 -1 -5 8 -3 8 2 7 0 2 -6 -8 6 1 -9 -7 3 -3 -8 0 9 9 9 2 0 -10 10 -2 4 5 -3 1 7 2 3 -5 8 2 -8 9 -1 -3 -8 -8 -2 -6 2 10 -6 2 0 1 -7 -8 -10 -1 4 1 -2 -7 -6 -8 -5
3 4 7 7 6 3 -7 -10 -8 1 7 -8 9 9 0 2 -10 -1 3 2 -8 7 -3 8 6 -5 2 -5 -6 -2 -1 -2 5 -6 -8 -5 3 -2 3 -1 5 -8 1 -2 -3 10 5 9 9 -4 4 -7 -6 -1 -10 2 0 9 2 0 4 0 3 10 9 -6 -1 0 9 -4 5 0 -5 2 0 -1 10
5 8 -3 0 2 -2 2 1 -7 8 -4 8 7 -5 7 -10 4 -4 4 -1 -8 3 5 -6 10 -1 -3 -2 -6 3 2 -8 4 9 5 8 2 7 6 3 7 -9 1 7 9 10 -8 -7 -3 1 -5 10 9 -9 8 10 10 2 0 3 -7 -10 -7 -2 -3 6 6 7 8 8 -3 4 1 2 4 8
6 -6 1 -10 5 -7 -1 3 -8 -7 -6 1 -1 0 4 -4 6 5 1 5 -7 4 4 0 -8 -1 -9 -7 -10 0 10 -7 -5 -3 6 -5 7 -5 0 7 3 4 -3 2 10 -5 -5 10 3 2 -10 9 -4 4 8 3 2 -10 -4 -4 -2 -8 8 -7 7 -5 1 0 -4 4 -7 -2 5 6 10
0 9 2 9 2 8 -7 1 1 4 9 -5 -1 9 8 -8 -6 0 -7 -3 -1 -7 -5 1 -6 6 2 3 9 -6 8 2 3 -5 5 10 7 10 -5 7 -5 5 -1 -6 -5 0 4 9 -9 1 -10 5 -6 -4 2 7 6 10 5 3 5 3 4 5 -5 -8 8 -10 -3 -1 -9 -2 -3 7
-1 -5 4 8 5 7 6 -7 8 -7 -2 7 1 7 -9 4 7 -4 3 -7 10 -3 -1 -9 4 -2 1 -8 4 -7 -3 -4 8 1 9 10 3 -5 9 -6 -4 -4 -9 8 1 7 -2 9 7 -5 0 -1 -1 8 -2 6 -7 -6 3 -9 -2 10 -6 -6 -3 -6 0 -3 2 5 -6 8 10
-2 10 3 2 4 -8 10 -8 2 6 -2 1 4 5 0 8 -10 -8 4 10 1 -8 7 2 -4 3 -4 5 -2 0 -1 0 7 8 -6 8 5 0 -9 -9 -7 10 4 -10 -7 -5 4 4 -10 3 -4 -6 10 -1 -5 -2 -8 10 1 -2 -8 1 10 -5 -9 2 10 -1 -3 3 10 -8
-7 -10 -4 5 -8 -6 8 -3 6 4 -10 -10 0 -7 3 -6 5 -8 -3 2 -8 -7 -7 0 1 -1 -6 2 -6 10 -6 -8 6 8 -10 9 10 -5 4 1 -4 10 -6 3 9 4 -4 -8 -7 -6 -7 8 2 1 3 0 -6 -3 -2 10 -8 -3 7 9 9 9 -1 -10 -1 -4 6
9 6 -4 2 -1 10 -9 -3 5 2 -7 -3 5 10 9 -8 6 -10 1 0 -6 2 8 3 1 7 -5 5 -8 -10 8 -8 -10 -2 -4 -9 -9 2 6 -1 10 6 3 3 2 -8 10 7 7 9 -6 -2 -8 -1 -8 6 -4 -6 7 0 2 8 10 10 10 -8 -1 3 -3 -9
-3 -8 3 -7 4 9 9 -9 -1 -5 -7 -10 -6 -10 -5 5 1 6 6 -2 -5 1 -6 -2 -7 -10 0 3 -2 6 -8 -2 8 10 -8 5 4 6 1 -9 5 8 -5 1 -5 -2 -7 8 -7 -3 6 -10 -9 -10 -3 -9 5 1 2 -6 -5 -9 7 10 3 -3 0 -3 3
0 -2 -8 8 1 -7 6 -9 -5 -3 6 -9 2 -8 4 -1 -1 0 -8 7 4 -10 1 -4 -1 8 -1 9 -3 4 1 8 5 -4 7 -3 -6 -10 3 -10 -3 7 1 10 -10 0 -10 2 -1 -7 -4 6 -3 3 5 -9 -6 -2 -8 -9 -3 6 3 1 4 -8 8 -7
6 -6 10 2 -8 8 8 -9 3 -6 -3 -1 -2 0 2 0 0 4 -2 -3 -8 -4 -6 8 -7 -6 -7 -5 4 4 0 3 -7 7 1 -4 4 -1 4 -2 -7 -8 -5 -1 9 -9 -4 0 -6 -8 -3 1 2 6 -9 -1 -2 -5 -10 2 4 7 7 -3 -7 4 -7
-6 -7 -10 -9 -3 -6 -4 2 1 10 10 -8 8 8 -2 -8 -10 -8 -4 10 4 -6 -8 0 -7 -9 4 -9 -5 8 3 2 5 -10 2 3 -5 1 -4 -5 -2 -2 4 -6 -9 9 9 9 -3 10 -1 5 3 7 5 -9 -8 -2 2 -6 3 -4 10 6 -3 10
7 -10 2 1 5 7 5 1 8 6 0 2 -2 -5 -10 0 9 -3 -10 -2 -9 5 6 1 8 -3 -5 -7 -3 -3 -2 7 -9 -3 8 2 1 -5 -5 -3 8 0 1 8 -10 1 8 8 -6 8 -4 5 7 -1 -5 5 -9 -8 -9 -3 9 -3 -10 6 5
-10 0 9 -4 -6 0 -5 0 -9 -10 -6 8 -6 -7 6 1 -8 1 2 8 -7 0 -1 0 -6 -5 3 10 5 10 0 -5 7 9 1 -3 8 -5 2 -1 -1 -6 -5 -10 8 2 8 -9 -5 9 0 9 -3 10 8 -7 5 -6 0 -8 -3 1 0 -5
10 -8 10 0 4 -10 -2 -4 -3 -8 1 -2 -7 -10 -9 2 4 3 -5 3 5 2 1 7 2 -7 5 8 10 -3 -5 4 -8 -9 -1 -10 0 -2 -7 -8 0 -5 2 -5 -8 7 -8 0 9 9 5 -10 3 10 -5 9 3 -5 -9 -7 0 -4 -4
3 7 7 -2 -1 -1 -3 -7 -9 2 8 7 5 -6 -9 1 -10 3 -8 -1 10 9 5 -4 -7 -10 -4 -5 10 -1 -8 5 -7 -1 2 5 5 -2 -8 10 7 2 -5 1 2 1 -5 4 -9 -2 4 4 -2 -3 -2 8 -9 -6 -7 -8 1 7
3 8 -3 7 -9 2 6 3 7 5 8 -3 5 -1 -8 2 -9 6 8 6 8 9 -6 -7 4 -5 -5 -4 -4 -6 -9 3 -8 3 -4 10 -6 9 -2 0 -8 -8 2 7 2 7 0 -2 6 4 -10 9 8 6 3 -7 3 -6 -6 8 8
8 -7 -7 8 -7 -1 7 1 3 -2 2 10 5 8 9 5 -9 -5 -2 2 -6 9 9 2 -9 2 0 -3 -9 5 -2 1 -10 0 -1 -1 -2 5 -7 -3 -6 -1 4 0 -2 3 9 10 -8 -4 4 -4 3 5 6 1 -9 6 -5 -8
-1 6 2 -6 6 8 -10 -5 -4 -4 -9 -3 -9 4 -9 1 -4 -2 1 4 6 2 10 -7 -10 -3 1 5 9 4 -5 5 8 7 1 1 -5 -2 -8 -1 -10 2 -9 -5 8 -4 -3 10 -3 -4 -2 10 3 6 -10 -10 5 -6 10
-5 9 -10 -3 -2 9 -1 10 -2 3 2 1 4 -2 -4 4 -1 6 9 2 8 -7 -10 6 1 7 10 9 9 -1 -1 -7 5 -8 0 -2 10 0 -2 -2 10 10 -1 -4 -6 6 -3 -9 9 2 0 -6 -10 10 5 -1 -2 3
2 2 -9 8 8 -4 0 -3 7 10 5 1 6 -1 -5 7 -5 -1 -7 5 -6 -2 7 -5 0 10 -8 -3 1 -3 -1 3 0 1 -2 8 -1 4 -7 5 -9 10 8 8 9 -8 5 -4 6 -7 2 6 -1 3 -9 -6 -6
-4 0 3 8 4 -6 0 -5 -8 5 0 10 -5 0 10 -9 -10 4 -2 -4 -5 8 -5 5 -8 -6 9 3 10 3 2 3 5 2 -10 -9 7 -4 1 -10 0 6 -4 -10 -10 10 -3 -3 1 -1 -6 -7 2 6 8 -1
-5 -8 -9 -1 -1 4 6 9 6 0 3 -6 0 5 1 -4 -5 2 -10 -3 -3 -6 -4 -10 8 6 -5 -7 1 10 -9 2 10 -2 7 9 -9 9 -9 -7 10 -10 -9 -7 3 4 2 -7 7 -2 5 -6 -4 10 -10
-1 3 -7 6 -2 9 9 -6 3 -7 6 9 -7 -1 -7 -7 5 -4 9 -4 -2 6 -4 1 3 -1 -5 -9 7 5 -4 5 0 -3 -10 -10 -8 -7 8 5 -6 -8 6 -8 -7 -2 10 -3 4 -1 -2 4 -9 -7
-5 -9 -1 1 0 3 -7 -7 -9 -10 -6 10 -5 0 1 4 9 -2 -8 1 0 -5 -7 2 2 4 -2 2 5 3 10 -5 -7 -6 -9 -5 -7 3 8 5 8 4 -5 9 2 1 9 -10 -6 5 5 -7 3
4 -9 -8 -2 10 0 -10 6 8 8 -3 0 6 6 9 -7 3 -3 5 1 10 2 -6 7 9 -9 -10 10 -5 6 5 5 -5 -8 5 0 -3 0 -2 -9 6 -3 7 10 2 2 -3 -8 4 4 8 4
-8 5 4 0 -7 5 10 -10 -7 2 3 -9 7 7 -10 -8 9 9 10 -1 6 7 -4 10 4 0 1 -9 -3 4 0 7 9 9 5 1 4 -7 -7 -3 -10 0 1 10 -1 7 6 1 -7 -9 -5
5 -6 3 -7 -2 9 -4 -4 -7 2 -4 4 -4 0 -7 3 -9 10 8 -7 4 4 8 6 -6 5 -10 6 -9 7 3 8 5 6 -5 8 -5 -6 -7 2 9 9 0 6 2 3 9 -3 -2 2
0 -1 4 -6 -6 3 9 6 -1 7 0 7 10 -4 -4 -4 9 -1 1 -6 10 -5 6 7 10 0 -7 1 7 5 8 8 3 7 -1 3 -10 6 -7 -10 2 -6 -9 -9 -4 -2 -5 -1 -2
-6 -9 -1 -4 7 -9 1 4 -7 9 7 -3 10 7 2 -3 6 -1 -9 2 2 3 0 7 -9 -10 -2 -4 9 4 -3 10 10 1 8 7 9 -4 -4 -1 4 -5 -8 -5 -5 6 -7 2
-9 3 -2 7 -2 -6 -5 8 -2 -10 0 4 -6 -9 -6 0 9 -9 10 9 -1 5 8 7 1 -8 0 6 -3 -5 6 -8 6 -5 3 7 7 2 -8 1 -3 -4 0 0 1 -1 -4
9 6 5 7 10 -10 -7 1 4 -3 10 9 9 -3 -9 0 2 -7 2 -2 7 -1 -10 6 1 6 6 4 5 -9 -1 10 -4 0 6 -8 -7 -5 7 7 -10 10 -8 -4 10 -4
3 -7 -4 7 3 10 -8 -6 -10 4 0 -9 -8 -8 -9 -5 -2 7 -8 8 -3 -2 3 2 4 10 2 3 0 -10 2 -7 7 -10 10 9 -8 8 -9 -8 1 6 -7 -1 -1
9 -8 -1 4 2 2 -10 5 -5 7 -3 -6 2 7 -1 10 -6 -1 10 1 -10 7 7 -6 -7 -9 -10 8 9 2 7 7 -8 -1 -4 1 -4 3 10 6 -6 -5 -5 -3
9 -2 -4 -7 -5 8 -9 7 4 10 7 -8 -1 -8 -2 -7 -4 8 5 0 1 -6 10 -3 -7 -1 9 -8 -4 0 5 4 0 9 -1 8 -6 8 8 1 0 3 -5
-10 0 -3 -3 10 3 -2 1 -6 0 5 4 4 1 -1 5 7 -7 -5 10 9 -8 -2 -6 7 -4 -2 10 -8 -8 -10 6 10 -10 8 8 2 8 -4 -9 7 -2
7 7 5 10 -6 1 2 -3 8 -1 -6 4 6 6 -8 2 1 6 -10 -3 9 -5 6 -6 4 -5 -5 8 8 -6 5 1 -9 -3 5 -3 -8 -2 1 -3 -9
-4 6 1 2 5 4 -9 -9 10 0 -7 6 10 -2 -2 8 7 8 -5 2 10 2 1 8 10 -8 6 -2 2 -3 6 2 1 1 5 5 9 -10 6 -6
4 -5 -3 -8 6 10 -2 -4 -6 -5 -5 1 9 -7 -3 3 0 -7 5 5 5 -4 8 -5 10 3 -10 -3 -9 -6 8 8 -5 -6 10 6 -9 8 -6
-9 -5 -2 -5 6 2 9 8 10 -10 -1 -8 -4 4 9 5 5 -5 -3 3 9 -6 8 -5 9 6 -2 -5 0 4 9 8 -8 -3 2 2 -6 -7
-10 -4 6 6 3 -6 9 -7 -5 5 9 9 -9 7 6 -7 -8 5 -6 9 7 -10 10 3 6 3 1 -9 6 3 -3 5 2 1 8 8 -7
3 -6 -2 5 -3 -8 -1 9 7 3 -2 -4 -10 -10 8 6 -7 6 -10 2 10 -4 0 3 1 -7 -6 3 10 8 -2 -2 7 3 8 1
9 -2 2 -4 3 7 7 5 -5 1 7 7 5 -2 -1 8 1 2 -6 -7 -3 4 -5 -7 -4 6 2 0 7 9 -9 -5 2 10 -10
-8 -6 5 9 3 -8 -8 -2 -3 1 -8 9 -9 2 2 9 10 6 -1 9 -9 -5 10 5 4 -10 -4 6 -1 -4 -9 9 6 6
-3 9 -5 -9 1 -3 10 -10 -5 -8 -2 2 1 2 2 8 -4 6 -10 -8 -8 7 -1 7 8 1 1 -2 -3 9 -4 4 2
8 -10 -2 -5 3 6 -7 7 -8 6 -1 0 -7 6 -2 7 8 -2 4 2 8 5 -3 0 4 4 8 -10 5 -7 -2 -8
2 10 -3 -3 0 3 1 6 7 -10 -2 -3 -1 -8 2 0 -8 7 -5 5 0 1 -4 8 -2 -5 -4 5 -4 -3 -3
-2 -4 -3 -4 -3 9 1 -6 -7 -7 -8 5 9 -10 7 -9 5 1 9 0 5 8 -2 5 -5 6 -2 2 -3 8
-6 -9 6 3 5 7 -9 6 1 2 -5 4 -7 6 4 0 -10 -10 -4 2 8 -7 0 1 9 -2 -5 7 -2
-3 -2 5 9 0 1 -5 5 3 -4 3 1 1 2 -2 4 -5 8 -6 8 -3 -7 -2 -3 7 3 2 -4
-6 -6 5 -10 -5 3 5 -6 10 6 7 0 5 -1 -2 7 8 -9 2 -7 -5 -9 -4 -2 5 10 -7
4 0 -2 1 1 7 7 -2 1 -10 3 -7 1 9 -4 8 8 10 10 7 -5 -1 1 0 6 5
4 -8 2 9 -1 4 10 -6 -5 10 0 3 10 9 8 2 -8 -8 -5 0 -3 0 0 10 -1
-2 9 10 2 -2 4 1 8 6 4 3 -5 -5 -10 -6 -3 -2 -8 -4 -5 2 -7 -7 -8
5 7 -9 -10 2 6 -8 -7 -2 9 -6 -8 10 2 -1 -3 -3 -1 4 10 -6 -6 6
-5 -10 -9 1 0 5 4 7 -2 7 4 -6 7 -5 8 9 4 10 10 8 3 6
10 10 7 -1 1 5 7 -3 -8 4 -1 1 3 -2 -6 -1 -10 -10 6 -6 1
-1 5 7 -10 5 5 -1 -10 3 -1 9 -3 -10 7 1 -4 3 7 3 2
-3 -5 10 2 2 -3 -2 -8 3 10 -3 6 9 -2 -1 10 7 -2 3
-4 -8 -5 -6 -1 -7 10 4 9 4 -2 9 5 -4 0 -10 -6 -9
7 -10 -5 -7 -1 -2 -6 4 -10 -3 -8 -6 -10 5 -4 0 3
-1 5 1 4 -9 0 -8 -6 -9 -2 2 -8 7 5 -5 -4
-2 2 -10 -7 -3 2 4 -3 -9 -4 4 -7 6 -4 5
2 -1 0 -5 10 -9 7 6 -7 -2 5 10 -1 -4
1 -9 -4 -7 -3 10 3 0 -10 -5 -2 8 -7
2 -3 -10 -9 8 5 9 -6 1 -8 -3 -5
5 -8 9 0 10 -9 -9 1 10 -6 7
-7 -6 5 -3 0 7 10 1 4 -4
-10 2 1 -6 -2 -9 5 4 7
-1 7 5 -4 8 -5 7 1
0 4 -2 9 7 -5 -8
6 -6 4 -1 -2 7
1 4 -10 10 6
2 -5 -10 9
1 9 -3
0 -8
7
