50
5 5 5 5 5 5 5 5 5 5 5 5 5 5 5 5 5 5 5 5 5 5 5 5 5 5 5 5 5 5 5 5 5 5 5 5 5 5 5 5 5 5 5 5 5 5 5 5 5 5
41 8 2 48 18
16 15 9 48 7
44 48 35 6 38
28 3 2 6 14
15 33 39 2 36
13 46 42 45 35
27 15 29 38 18
1 49 11 45 28
22 18 10 14 49
22 7 6 25 23
23 39 17 3 47
30 35 8 25 6
36 19 41 40 24
37 13 46 5 3
43 15 50 19 6
15 7 25 18 30
41 24 11 23 14
43 18 45 44 42
5 39 41 11 35
47 16 11 30 25
18 41 45 36 15
44 21 50 4 15
3 21 26 18 5
14 37 46 21 42
32 26 42 30 10
17 9 16 48 36
35 17 48 38 28
38 26 24 15 9
33 32 6 49 4
8 10 41 11 44
28 39 5 25 30
34 17 36 1 44
47 8 44 35 49
18 50 42 22 8
19 28 11 30 1
47 17 33 49 12
33 7 41 20 39
13 10 24 49 11
35 50 34 1 39
21 32 2 8 24
20 16 4 37 6
6 47 32 5 49
35 50 9 43 31
36 11 17 34 39
28 14 35 49 47
45 13 46 20 26
43 42 24 29 34
29 8 16 15 5
22 2 38 36 15
38 15 1 5 46
10 -9 -3 -8 -9 0 -8 6 -3 -2 5 -4 7 -6 8 8 5 -3 5 3 -4 -7 -7 3 1 3 3 4 -9 10 10 -7 -9 2 0 -7 -3 -4 -4 7 4 -6 3 -5 -2 4 -3 -8 4 7
-7 -9 10 7 -10 -8 -3 -5 3 5 5 -4 2 -9 -5 2 -10 2 -2 4 -1 3 7 5 -6 -4 -1 -4 -9 8 7 -9 0 -9 -9 8 5 6 6 -5 -9 6 -8 -5 -8 9 -8 -3 2
-7 8 -3 8 9 -9 9 -8 3 8 8 6 0 -2 -4 0 -3 -2 2 -6 10 -1 4 0 -8 -10 4 9 8 -7 -8 7 -4 6 -2 -6 1 -8 -3 1 -1 -5 4 7 -1 9 10 6
-10 7 -1 -7 -6 -2 -7 -7 7 -6 -2 -1 9 -4 0 -4 10 -2 6 5 -2 -9 -8 10 3 -2 -9 -10 0 -6 10 -2 -5 4 7 3 7 -10 -7 -8 -6 7 -9 1 8 7 -6
3 -6 -9 -1 1 -9 1 -4 -3 -7 1 7 3 9 -6 -3 -5 -5 3 -10 -5 0 3 -3 -2 -5 -7 2 -9 5 -3 -4 4 1 -1 -3 -3 -10 -4 2 0 -2 -8 -2 1 10
6 2 7 0 -10 -7 -2 -5 8 -2 -9 -7 9 3 1 0 3 9 6 -7 2 8 -4 -2 -9 3 -10 6 7 -4 1 3 -8 0 9 0 -7 -1 6 -1 3 0 2 -1 7
-6 -4 3 2 -5 9 8 -1 2 7 -10 -1 -1 -4 3 8 9 10 0 4 4 4 -4 6 5 -5 -8 -1 6 10 9 0 -8 -3 -1 -3 -4 -6 -10 -9 -3 5 9 -8
4 3 10 8 -4 2 5 2 -3 -6 10 -10 -7 3 -3 -5 6 4 -9 7 -3 -7 4 -6 4 6 7 9 0 4 9 6 3 7 4 -5 5 4 -2 -3 10 -2 6
5 10 -3 -2 4 -8 -1 -3 -2 0 0 7 -8 -6 -6 -3 2 -6 -4 -8 3 3 0 7 4 3 -9 -4 3 2 8 -10 8 2 5 -10 1 -1 2 3 7 7
9 -3 5 -3 -2 3 5 -10 2 0 2 -5 4 -6 9 7 -10 2 8 8 -10 -8 10 3 -6 4 -5 -9 -2 2 0 -4 4 0 0 2 -2 3 -2 -8 5
-10 7 -9 1 -3 10 -8 10 -9 -10 -3 -4 -10 9 -6 -3 -6 5 -7 8 -4 4 -2 1 -5 9 9 -7 -5 -1 -7 8 -10 -1 8 2 2 -4 -8 8
10 -3 -7 -1 9 -7 8 -9 1 7 3 1 -8 6 10 0 -10 3 5 -7 3 1 10 4 -6 3 -5 6 10 -2 9 7 5 4 3 8 -2 0 -3
-8 -2 4 -3 4 8 9 2 0 -10 5 0 -5 5 -4 1 -2 0 -2 9 -2 7 -10 6 -4 -8 -3 3 5 7 -3 5 10 5 4 -10 -8 -1
-3 2 -3 -1 8 1 5 7 6 1 3 7 0 1 4 -2 -1 -2 -3 -7 -4 0 -7 7 -5 -4 -4 5 -2 8 6 9 -1 -7 -4 -1 -3
1 -5 -1 -10 7 -6 -2 -9 -9 7 -1 -6 10 5 -7 -10 8 -1 5 5 4 0 -5 -9 -2 5 -7 -8 2 5 -8 8 10 -9 -6 -6
8 -1 -8 -3 -7 7 3 9 9 9 -3 6 2 4 4 -1 8 3 -1 8 9 -9 9 -7 -4 10 -4 -2 -8 -5 -3 -5 7 -8 -5
-10 3 4 9 5 -1 -9 -3 -1 -1 4 -8 -3 -2 10 8 -4 3 -7 7 -3 10 -6 -2 -6 -8 -9 -5 -1 9 8 -1 4 -7
4 -1 2 -2 6 7 5 4 -8 9 -9 3 0 9 -2 -10 -8 -3 8 8 -10 -2 8 -9 -5 5 6 10 4 -2 -5 8 3
10 5 -8 5 1 3 0 0 -7 -5 0 3 5 -1 2 7 -9 4 -8 0 -2 0 -7 2 6 -10 7 4 3 -9 -4 6
1 9 5 10 4 -9 -4 -2 7 -6 -1 4 5 -7 -10 10 9 -3 -5 -1 7 -10 7 3 -8 -3 -7 4 -7 10 -6
5 -1 6 -2 3 5 5 -3 4 7 -6 2 -4 9 6 -6 -8 -2 3 0 6 -2 -10 -1 -1 8 8 5 -6 4
7 5 1 0 7 7 2 4 0 -4 -3 8 2 -3 3 -9 0 5 2 2 10 -6 5 -9 -6 6 8 0 -7
4 -7 6 4 -10 -6 3 10 -6 -8 5 -2 0 9 2 10 -8 0 7 2 0 10 5 7 -9 9 -8 -3
10 -1 -3 -8 3 -7 10 -7 4 -5 -1 -10 -9 0 -9 -1 1 1 3 -6 -3 6 3 8 -5 -5 -5
-8 9 2 9 -3 5 8 -6 -3 4 10 -2 4 -2 -10 4 -1 7 -5 -8 4 1 8 -1 10 3
-2 4 -1 -4 2 5 -7 -3 2 8 1 8 -1 -1 -10 2 -2 -10 8 -9 9 5 -1 -3 9
1 -3 10 -4 9 -2 -6 10 -7 10 10 -9 -1 4 -9 8 1 -6 -8 -1 0 3 -5 -4
-6 7 1 6 6 -2 -5 -2 5 -1 0 -7 4 -8 -6 -3 2 7 1 -8 2 -10 -2
7 -7 4 1 -2 8 2 10 1 -7 -3 5 -10 9 7 0 9 -3 10 -8 10 4
-1 10 3 -7 -6 -9 -9 -1 5 -7 -7 -3 7 -6 2 4 1 7 3 8 -6
3 10 -7 5 9 3 -2 -9 1 -4 4 4 -3 1 -7 1 7 10 1 -9
2 -2 -4 -7 4 -8 -4 10 10 9 -10 -9 0 -3 -6 8 -4 -8 7
-4 8 -4 -3 0 -6 9 -10 -2 -6 -6 7 -2 -5 -7 -10 -6 -10
1 -3 8 0 -10 -5 -2 -9 -6 3 6 -7 -8 5 4 1 6
8 -7 4 6 -3 9 -9 6 -1 4 10 -10 -9 5 2 3
-7 5 4 -8 -8 0 9 -6 -8 -6 -2 9 10 8 7
0 2 9 6 -1 4 6 9 3 -7 -7 10 10 7
-4 3 4 -3 3 0 4 2 3 -7 0 3 0
-2 1 -6 5 -8 -8 -8 -8 3 -7 1 -6
7 -9 8 7 7 0 -7 3 1 3 -9
-1 9 -1 1 -7 8 6 -4 -6 5
-3 -7 1 7 1 -7 -2 8 -3
3 7 9 9 10 7 -10 9
-2 -10 -5 -2 -1 0 1
-10 -5 -6 8 2 -8
-6 10 -10 -8 6
-4 2 3 4
0 -5 1
-1 0
8
