200
20 20 20 20 20 20 20 20 20 20 20 20 20 20 20 20 20 20 20 20 20 20 20 20 20 20 20 20 20 20 20 20 20 20 20 20 20 20 20 20 20 20 20 20 20 20 20 20 20 20 20 20 20 20 20 20 20 20 20 20 20 20 20 20 20 20 20 20 20 20 20 20 20 20 20 20 20 20 20 20 20 20 20 20 20 20 20 20 20 20 20 20 20 20 20 20 20 20 20 20 20 20 20 20 20 20 20 20 20 20 20 20 20 20 20 20 20 20 20 20 20 20 20 20 20 20 20 20 20 20 20 20 20 20 20 20 20 20 20 20 20 20 20 20 20 20 20 20 20 20 20 20 20 20 20 20 20 20 20 20 20 20 20 20 20 20 20 20 20 20 20 20 20 20 20 20 20 20 20 20 20 20 20 20 20 20 20 20 20 20 20 20 20 20 20 20 20 20 20 20
164 29 7 190 71 63 58 36 189 27 174 140 23 152 109 9 8 24 56 60
130 155 7 144 51 184 167 180 140 108 57 115 151 72 2 195 41 179 109 88
72 40 56 196 87 27 24 98 25 92 89 155 68 12 187 118 138 32 97 21
142 76 161 159 93 148 50 181 18 12 170 59 198 75 21 60 26 98 72 117
163 94 42 95 91 54 172 69 180 175 166 19 156 44 137 187 63 119 98 70
164 177 143 57 176 84 197 199 15 59 9 81 103 69 17 55 146 184 168 128
102 165 118 37 68 36 64 191 144 138 192 150 110 103 93 57 131 127 24 194
13 29 40 161 41 175 109 153 17 99 98 120 136 65 142 3 185 30 138 193
69 197 165 88 29 76 112 41 117 1 185 68 129 196 46 130 28 161 77 164
130 156 51 40 96 196 42 139 200 136 1 154 83 126 5 29 93 79 62 15
62 146 21 22 188 125 18 195 137 197 33 169 122 141 43 68 136 156 109 55
139 194 187 177 52 183 80 103 172 167 96 113 133 116 31 64 58 17 87 6
151 142 59 57 2 19 182 162 16 18 9 85 132 61 72 172 125 55 139 34
186 147 148 122 63 105 49 25 169 111 91 109 106 120 187 14 173 168 166 26
16 104 187 87 28 64 50 49 138 115 36 109 47 72 119 20 114 141 26 13
167 139 4 24 193 61 43 105 125 124 55 103 16 98 1 100 68 117 74 109
179 188 143 170 184 125 40 49 76 56 15 149 189 139 16 192 81 13 150 123
129 136 41 15 131 21 48 18 153 173 61 104 31 146 64 149 11 159 108 169
150 145 134 81 67 53 172 184 62 68 102 34 166 77 118 193 19 3 160 26
19 138 55 130 68 34 90 18 63 95 73 41 113 140 181 78 157 168 136 3
171 142 77 170 27 35 68 30 28 191 40 70 73 155 54 184 88 53 176 163
68 130 126 65 14 24 163 109 71 12 1 86 198 34 164 42 190 114 142 181
110 144 3 29 20 177 39 140 10 95 150 142 38 111 33 11 79 94 92 54
175 64 171 27 91 200 144 105 159 192 40 61 42 46 106 7 189 86 172 69
41 180 28 98 10 121 57 52 118 90 79 59 58 7 169 50 103 85 72 18
198 72 90 165 131 103 174 138 85 8 30 67 46 149 68 10 28 153 112 89
187 81 112 156 131 30 99 148 49 66 12 182 1 134 138 176 185 190 189 172
51 94 111 18 171 85 160 81 170 32 185 77 130 80 105 84 104 179 76 142
33 50 108 171 98 174 192 45 158 146 78 104 141 1 74 54 111 149 156 168
83 120 114 173 55 131 122 189 44 169 22 73 132 170 163 159 86 24 193 61
173 80 58 51 38 7 12 63 122 157 197 19 117 107 162 148 50 184 179 99
127 103 63 38 168 177 2 193 198 28 200 109 57 46 179 133 119 13 143 64
32 117 35 119 171 136 144 153 82 194 114 157 185 130 110 141 115 41 191 122
116 67 193 64 164 71 197 200 134 125 161 62 113 20 183 74 61 70 86 82
139 21 36 39 60 99 178 40 181 55 17 107 105 85 120 16 53 108 100 198
150 179 6 196 148 98 123 2 91 77 193 100 108 138 192 189 140 155 57 125
57 70 112 125 8 100 87 172 174 104 186 43 120 33 160 137 7 101 152 145
170 7 22 165 110 35 119 47 13 67 98 84 55 117 87 195 72 193 108 65
21 121 5 192 139 14 90 58 167 18 200 11 194 8 64 52 6 160 40 62
33 122 172 30 145 56 120 180 66 197 95 43 156 192 184 200 42 80 28 149
7 80 148 174 97 102 184 51 20 152 177 161 63 27 179 198 78 176 154 31
145 11 89 137 110 170 95 18 130 166 88 4 108 126 28 111 93 163 118 182
40 112 46 188 134 167 70 158 138 199 124 120 152 69 83 63 23 72 116 193
119 146 157 172 98 87 8 127 84 47 125 55 91 67 88 72 153 180 71 143
3 133 49 22 62 185 105 126 143 195 177 122 166 183 115 5 24 76 57 104
178 63 79 170 149 95 122 142 136 89 109 191 141 85 91 180 117 70 65 60
31 185 50 81 191 138 196 177 48 56 190 124 71 186 151 195 135 153 73 26
50 76 59 93 46 78 4 182 137 33 71 12 14 142 75 179 164 193 126 27
4 147 73 121 123 113 88 48 14 65 30 17 103 126 19 148 162 176 39 145
78 22 64 31 143 196 107 156 153 159 58 199 134 98 116 114 77 151 110 79
146 159 16 157 190 26 196 54 161 55 68 170 21 41 62 45 142 20 1 105
116 177 153 121 75 9 60 74 181 73 180 117 19 176 68 161 151 170 51 109
30 140 58 166 39 69 37 19 16 43 79 153 192 146 74 113 32 120 177 78
180 104 70 129 139 127 113 21 154 11 111 189 83 155 65 7 24 59 173 148
151 6 196 173 69 148 11 194 45 121 133 167 114 72 47 150 112 163 126 24
121 90 105 86 83 172 27 42 85 106 178 127 74 170 103 195 141 10 117 23
81 65 83 30 198 104 132 1 169 139 119 106 14 49 133 93 160 194 128 161
114 195 14 53 69 141 34 74 113 179 125 32 8 162 156 62 182 41 80 142
4 142 105 24 58 30 119 31 166 40 128 184 75 131 181 70 107 124 121 63
117 142 38 99 49 154 131 192 35 18 71 198 107 88 130 69 1 73 186 77
151 149 169 126 39 115 138 124 89 86 142 196 140 97 117 83 49 179 62 147
99 60 199 106 12 82 191 122 181 98 170 167 39 127 10 33 129 152 85 26
113 26 135 117 4 185 37 105 168 40 20 121 68 87 160 178 102 167 21 85
173 137 98 82 161 184 195 125 139 10 159 18 61 162 176 74 59 192 24 112
26 195 163 181 114 43 178 77 8 12 84 15 76 92 96 111 38 63 136 106
145 175 47 44 45 21 157 98 159 62 128 150 37 60 119 164 66 118 171 3
120 74 174 140 41 19 114 89 151 77 164 109 177 65 117 78 51 99 124 28
61 98 147 92 148 76 180 6 169 102 71 3 145 176 200 191 13 156 128 74
199 59 156 91 57 163 49 159 65 174 194 185 197 169 175 36 161 25 166 11
80 113 9 149 94 188 34 24 76 84 192 107 45 52 139 136 129 70 43 66
124 76 192 87 30 120 20 37 194 58 174 186 173 102 143 94 24 4 68 138
32 117 95 173 192 68 150 98 164 96 28 60 121 7 159 144 84 157 57 166
17 163 119 180 78 167 105 30 36 12 10 127 25 61 138 35 100 117 95 172
191 179 139 108 151 187 40 107 168 26 126 158 105 72 9 177 95 56 114 61
93 26 176 95 140 166 92 16 102 71 49 32 117 24 170 55 165 164 153 6
13 86 63 33 145 53 18 196 142 54 151 56 60 85 199 38 153 1 71 34
139 65 45 29 170 7 34 4 92 61 151 83 5 68 14 33 190 108 135 30
191 17 122 115 200 93 132 152 28 116 129 57 158 12 187 169 134 78 118 165
8 16 123 103 110 176 28 126 183 114 19 21 83 156 38 17 33 71 160 163
150 141 183 84 98 153 136 76 117 130 155 111 26 180 30 168 167 197 142 185
56 111 116 59 106 87 117 103 107 187 25 81 110 171 66 96 40 176 122 18
24 22 111 25 191 190 96 34 143 16 151 144 85 172 32 106 91 171 193 109
185 14 74 154 80 91 27 148 130 55 40 169 124 58 28 90 143 95 30 196
72 147 58 110 144 197 160 158 173 165 143 7 156 169 178 69 8 47 70 180
196 80 87 90 2 47 37 145 169 103 18 190 163 8 24 192 136 56 97 108
117 88 41 95 80 185 84 199 146 153 22 14 40 194 159 13 173 21 70 114
170 109 125 156 114 107 70 56 194 132 30 89 111 29 73 174 152 135 171 79
12 57 102 154 15 2 53 78 55 197 36 196 66 75 84 31 128 192 111 45
34 98 137 181 59 129 144 172 91 19 102 190 11 112 5 118 20 81 148 110
147 104 182 164 107 75 30 6 84 44 159 118 177 93 23 112 28 63 151 103
135 21 102 80 191 87 57 86 200 44 20 131 163 30 136 50 199 90 187 166
38 61 27 66 51 45 155 40 195 168 20 46 198 161 127 119 194 145 149 115
175 145 165 163 160 83 161 81 39 113 18 121 114 162 78 71 152 15 91 130
19 80 119 116 10 15 95 74 20 166 24 158 153 130 99 149 142 190 11 147
167 49 83 155 122 129 39 16 116 27 88 183 22 130 166 45 11 64 182 113
113 135 134 157 41 94 96 73 100 105 199 87 174 154 14 162 166 86 17 85
25 143 174 99 73 65 186 169 155 39 86 21 150 170 37 90 80 168 179 101
34 153 182 22 80 144 97 165 85 33 172 180 190 176 135 24 166 109 131 93
5 93 80 47 55 88 197 125 50 58 36 40 20 76 26 130 198 139 190 135
10 170 87 197 159 34 153 97 40 42 47 178 198 160 43 185 113 12 106 94
174 185 61 114 157 73 193 192 115 60 137 62 80 121 50 95 147 113 119 197
73 200 98 129 136 108 42 52 155 36 65 14 165 124 96 142 27 183 133 32
73 22 196 42 70 116 132 38 112 24 57 90 7 107 14 102 129 96 61 99
21 96 58 8 82 26 183 167 86 38 36 10 74 121 179 195 181 115 158 2
21 5 66 56 39 141 187 156 136 109 29 199 74 61 78 32 13 62 108 164
160 118 17 29 128 153 138 5 162 132 148 62 184 37 75 110 1 158 91 147
107 48 171 172 22 135 93 18 140 130 142 6 100 121 12 163 96 65 192 5
92 18 89 62 188 169 161 27 198 149 189 194 86 35 12 91 140 87 165 45
200 176 119 179 123 162 47 35 17 184 199 118 10 76 52 12 11 81 80 132
102 140 122 65 10 193 166 49 74 92 200 13 168 85 70 32 95 112 103 191
113 99 87 48 128 178 95 133 69 22 187 109 21 111 155 47 140 76 83 27
21 84 170 76 79 115 155 184 110 43 177 114 90 11 187 91 158 112 71 164
15 20 172 164 104 94 132 192 174 41 8 37 156 113 9 33 18 61 200 166
94 93 99 146 9 155 40 174 116 95 96 114 196 20 147 36 136 102 81 167
72 64 30 7 189 48 128 133 100 144 31 68 199 67 181 115 55 157 74 178
126 52 32 35 19 116 45 183 114 23 175 82 171 89 182 17 141 139 75 77
41 183 182 180 164 45 93 131 58 32 52 36 61 127 7 142 147 95 120 34
157 23 17 80 102 184 185 123 135 106 197 105 148 19 33 82 165 116 120 175
133 89 33 200 142 164 151 47 197 34 111 129 15 32 40 78 43 42 83 182
58 89 133 73 21 65 51 163 142 71 33 161 78 158 137 24 129 165 44 152
149 40 44 169 160 185 155 87 145 11 8 21 12 165 198 148 68 167 54 197
147 107 159 164 8 128 161 140 75 165 78 124 63 176 104 77 117 19 177 16
41 113 107 124 119 53 88 156 37 81 184 82 188 89 103 34 195 95 132 144
28 82 62 120 32 69 116 64 37 25 13 75 99 158 108 41 84 148 185 81
49 196 41 128 132 120 79 6 24 101 130 118 62 56 150 91 13 73 127 153
168 173 121 74 138 3 28 111 35 68 187 94 196 104 12 103 14 146 144 50
93 142 74 19 99 130 116 196 141 72 160 175 157 31 33 25 101 96 87 143
94 194 37 51 155 131 103 129 11 12 10 36 183 86 122 133 117 39 156 132
36 84 157 82 42 101 158 190 77 152 87 130 131 137 126 182 145 122 5 95
85 173 29 107 150 79 186 177 162 7 153 122 68 168 199 149 148 59 185 14
150 123 44 135 162 185 159 199 98 38 175 63 9 147 180 29 49 5 113 81
108 39 106 177 53 129 199 157 121 189 187 16 181 36 133 54 144 84 170 123
135 97 81 45 118 137 88 140 91 174 198 185 175 165 178 68 157 124 50 64
72 143 77 58 198 74 181 54 177 126 82 123 90 144 185 71 32 147 174 140
98 102 89 198 38 75 11 74 183 21 114 168 66 192 123 55 52 138 70 144
179 70 36 28 158 190 151 62 63 13 172 136 58 164 60 14 26 106 85 184
121 26 175 198 36 2 141 41 105 168 122 123 167 52 194 74 83 166 16 197
23 167 147 60 137 190 186 10 45 107 46 102 127 48 192 75 3 77 146 155
28 86 73 117 165 140 135 127 35 130 120 70 50 29 85 42 188 118 166 66
184 48 4 189 87 76 146 173 194 50 45 157 164 104 110 132 84 23 103 172
25 48 36 123 83 64 2 67 99 61 115 193 69 85 78 150 186 147 3 168
93 178 61 16 171 31 120 79 41 104 176 129 181 198 80 177 164 76 95 158
57 35 123 40 117 192 156 96 107 180 141 121 194 138 171 56 196 64 175 153
21 135 115 136 181 93 20 145 29 16 141 130 52 147 138 39 43 84 134 114
30 175 53 184 150 126 24 131 115 15 117 34 132 107 145 144 119 173 79 186
6 102 66 1 191 56 149 19 12 109 89 180 17 139 16 18 121 9 74 105
47 197 35 165 187 166 108 96 98 115 97 21 175 170 139 168 90 31 46 138
101 136 33 187 58 1 194 6 77 119 173 185 140 109 137 98 59 64 118 89
40 71 49 186 196 29 9 170 108 158 197 5 62 53 18 26 153 115 154 173
181 13 63 190 12 103 113 60 139 56 194 199 15 36 129 75 188 148 82 154
198 173 83 61 78 37 170 134 57 106 77 71 16 143 152 189 45 161 174 110
143 127 13 89 165 172 98 135 82 179 107 105 39 77 97 48 194 138 122 62
58 77 182 37 119 15 144 106 107 143 136 35 100 63 66 53 85 166 21 116
95 24 138 186 49 14 69 97 173 155 11 19 195 151 172 144 56 123 54 86
78 4 55 49 190 31 192 194 123 63 179 155 181 53 102 62 142 83 199 73
98 120 137 167 92 79 67 93 132 128 26 185 121 195 82 53 95 81 106 12
145 57 190 38 5 67 142 150 149 185 107 76 40 51 85 59 98 146 63 128
141 168 176 87 66 196 126 186 165 190 118 44 188 91 36 185 140 48 139 16
135 9 20 172 13 196 2 106 36 162 60 18 182 39 3 56 130 117 96 16
159 164 171 158 124 169 125 5 2 137 142 106 4 136 185 71 138 74 129 179
173 111 46 28 25 135 39 62 50 159 65 91 69 102 21 96 104 118 145 63
179 58 77 176 21 168 167 195 9 24 104 98 97 142 122 15 164 3 180 44
22 128 112 166 85 145 25 136 11 59 55 178 146 122 70 12 20 176 72 140
145 169 9 46 81 5 54 151 37 193 183 102 20 77 42 62 146 100 174 139
85 99 194 190 36 177 186 21 129 191 89 14 26 112 60 20 88 155 197 158
153 102 199 84 8 163 70 116 126 59 92 142 97 111 48 175 150 170 98 22
198 159 76 64 183 19 22 69 40 98 163 190 100 82 93 28 24 2 79 114
93 195 70 27 34 23 48 111 115 143 132 105 7 91 142 24 153 154 84 99
4 75 106 100 200 22 186 144 63 147 134 44 176 98 36 69 78 127 38 17
43 112 71 108 77 124 20 93 65 64 185 161 127 153 158 51 118 28 35 78
2 102 86 159 98 85 113 111 167 153 35 77 83 155 178 52 123 81 46 82
75 189 178 163 126 148 63 84 97 72 101 94 30 145 52 152 140 47 175 197
141 7 187 119 182 54 113 75 178 18 105 173 128 36 163 78 62 65 169 40
184 109 97 19 115 154 123 150 103 137 130 178 108 140 10 93 180 138 153 164
22 28 197 64 169 171 91 43 166 157 12 145 174 103 193 85 111 3 26 67
57 131 192 133 143 149 177 148 115 96 101 119 198 174 151 129 39 89 7 124
27 76 107 22 30 187 37 90 80 88 117 53 134 124 122 25 113 185 179 116
82 18 77 12 182 30 6 88 166 28 174 43 190 63 133 45 142 41 85 144
110 119 60 104 162 48 164 169 111 102 8 189 158 51 116 152 100 2 181 55
53 72 193 181 17 148 27 138 48 94 84 51 118 30 68 172 126 136 164 81
153 100 157 101 151 30 90 91 118 159 45 173 181 77 158 152 22 35 81 31
62 79 30 47 96 178 37 131 100 108 153 36 148 99 109 48 125 163 138 166
45 143 43 126 74 36 48 81 116 159 14 92 3 125 35 50 99 144 130 168
127 105 176 126 107 182 114 43 22 145 8 195 57 75 9 71 58 138 74 44
200 118 145 191 198 197 127 141 131 29 147 30 69 199 140 94 139 194 11 195
185 113 140 56 109 27 189 168 193 64 77 9 116 68 90 23 31 199 61 54
189 151 177 90 182 157 162 110 43 158 36 53 16 146 137 72 153 138 44 83
181 75 147 69 132 174 25 35 193 106 16 71 168 33 180 34 64 38 183 83
64 195 174 101 126 37 148 162 69 161 107 97 116 20 163 197 24 104 132 192
72 178 95 117 125 84 149 1 199 188 24 118 163 171 179 92 17 137 102 56
110 55 127 69 83 73 87 141 148 34 145 125 88 175 196 13 12 26 161 118
5 32 41 113 117 1 110 52 177 34 167 78 71 24 168 93 65 22 96 171
167 43 14 102 161 79 186 180 194 60 110 168 24 181 25 1 55 123 20 34
152 58 133 175 114 3 179 88 31 109 178 34 123 19 59 99 23 188 27 81
95 77 36 98 199 193 35 165 174 37 18 136 145 3 157 167 43 113 90 185
55 161 192 39 106 158 176 114 56 23 26 36 193 32 151 187 99 90 110 81
36 64 71 166 22 142 154 185 156 73 200 177 7 169 78 53 133 131 49 192
101 76 166 14 62 127 99 29 128 164 153 19 136 4 93 82 34 100 146 108
94 140 175 45 196 121 198 19 5 151 18 4 68 56 11 16 102 130 74 161
183 129 197 107 109 180 103 22 164 138 158 40 72 80 21 131 53 84 101 151
10 10 10 -8 -1 3 -3 -9 -3 -8 3 -7 4 9 9 -9 -1 -5 -7 -10 -6 -10 -5 5 1 6 6 -2 -5 1 -6 -2 -7 -10 0 3 -2 6 -8 -2 8 10 -8 5 4 6 1 -9 5 8 -5 1 -5 -2 -7 8 -7 -3 6 -10 -9 -10 -3 -9 5 1 2 -6 -5 -9 7 10 3 -3 0 -3 3 0 -2 -8 8 1 -7 6 -9 -5 -3 6 -9 2 -8 4 -1 -1 0 -8 7 4 -10 1 -4 -1 8 -1 9 -3 4 1 8 5 -4 7 -3 -6 -10 3 -10 -3 7 1 10 -10 0 -10 2 -1 -7 -4 6 -3 3 5 -9 -6 -2 -8 -9 -3 6 3 1 4 -8 8 -7 6 -6 10 2 -8 8 8 -9 3 -6 -3 -1 -2 0 2 0 0 4 -2 -3 -8 -4 -6 8 -7 -6 -7 -5 4 4 0 3 -7 7 1 -4 4 -1 4 -2 -7 -8 -5 -1 9 -9 -4 0 -6 -8 -3 1 2 6 -9
-1 -2 -5 -10 2 4 7 7 -3 -7 4 -7 -6 -7 -10 -9 -3 -6 -4 2 1 10 10 -8 8 8 -2 -8 -10 -8 -4 10 4 -6 -8 0 -7 -9 4 -9 -5 8 3 2 5 -10 2 3 -5 1 -4 -5 -2 -2 4 -6 -9 9 9 9 -3 10 -1 5 3 7 5 -9 -8 -2 2 -6 3 -4 10 6 -3 10 7 -10 2 1 5 7 5 1 8 6 0 2 -2 -5 -10 0 9 -3 -10 -2 -9 5 6 1 8 -3 -5 -7 -3 -3 -2 7 -9 -3 8 2 1 -5 -5 -3 8 0 1 8 -10 1 8 8 -6 8 -4 5 7 -1 -5 5 -9 -8 -9 -3 9 -3 -10 6 5 -10 0 9 -4 -6 0 -5 0 -9 -10 -6 8 -6 -7 6 1 -8 1 2 8 -7 0 -1 0 -6 -5 3 10 5 10 0 -5 7 9 1 -3 8 -5 2 -1 -1 -6 -5 -10 8 2 8 -9 -5 9 0 9 -3 10 8 -7
5 -6 0 -8 -3 1 0 -5 10 -8 10 0 4 -10 -2 -4 -3 -8 1 -2 -7 -10 -9 2 4 3 -5 3 5 2 1 7 2 -7 5 8 10 -3 -5 4 -8 -9 -1 -10 0 -2 -7 -8 0 -5 2 -5 -8 7 -8 0 9 9 5 -10 3 10 -5 9 3 -5 -9 -7 0 -4 -4 3 7 7 -2 -1 -1 -3 -7 -9 2 8 7 5 -6 -9 1 -10 3 -8 -1 10 9 5 -4 -7 -10 -4 -5 10 -1 -8 5 -7 -1 2 5 5 -2 -8 10 7 2 -5 1 2 1 -5 4 -9 -2 4 4 -2 -3 -2 8 -9 -6 -7 -8 1 7 3 8 -3 7 -9 2 6 3 7 5 8 -3 5 -1 -8 2 -9 6 8 6 8 9 -6 -7 4 -5 -5 -4 -4 -6 -9 3 -8 3 -4 10 -6 9 -2 0 -8 -8 2 7 2 7 0 -2 6 4 -10 9 8 6 3 -7 3 -6 -6 8 8 8 -7 -7 8
-7 -1 7 1 3 -2 2 10 5 8 9 5 -9 -5 -2 2 -6 9 9 2 -9 2 0 -3 -9 5 -2 1 -10 0 -1 -1 -2 5 -7 -3 -6 -1 4 0 -2 3 9 10 -8 -4 4 -4 3 5 6 1 -9 6 -5 -8 -1 6 2 -6 6 8 -10 -5 -4 -4 -9 -3 -9 4 -9 1 -4 -2 1 4 6 2 10 -7 -10 -3 1 5 9 4 -5 5 8 7 1 1 -5 -2 -8 -1 -10 2 -9 -5 8 -4 -3 10 -3 -4 -2 10 3 6 -10 -10 5 -6 10 -5 9 -10 -3 -2 9 -1 10 -2 3 2 1 4 -2 -4 4 -1 6 9 2 8 -7 -10 6 1 7 10 9 9 -1 -1 -7 5 -8 0 -2 10 0 -2 -2 10 10 -1 -4 -6 6 -3 -9 9 2 0 -6 -10 10 5 -1 -2 3 2 2 -9 8 8 -4 0 -3 7 10 5 1 6 -1 -5 7 -5 -1 -7 5 -6 -2 7 -5
0 10 -8 -3 1 -3 -1 3 0 1 -2 8 -1 4 -7 5 -9 10 8 8 9 -8 5 -4 6 -7 2 6 -1 3 -9 -6 -6 -4 0 3 8 4 -6 0 -5 -8 5 0 10 -5 0 10 -9 -10 4 -2 -4 -5 8 -5 5 -8 -6 9 3 10 3 2 3 5 2 -10 -9 7 -4 1 -10 0 6 -4 -10 -10 10 -3 -3 1 -1 -6 -7 2 6 8 -1 -5 -8 -9 -1 -1 4 6 9 6 0 3 -6 0 5 1 -4 -5 2 -10 -3 -3 -6 -4 -10 8 6 -5 -7 1 10 -9 2 10 -2 7 9 -9 9 -9 -7 10 -10 -9 -7 3 4 2 -7 7 -2 5 -6 -4 10 -10 -1 3 -7 6 -2 9 9 -6 3 -7 6 9 -7 -1 -7 -7 5 -4 9 -4 -2 6 -4 1 3 -1 -5 -9 7 5 -4 5 0 -3 -10 -10 -8 -7 8 5 -6 -8 6 -8 -7 -2 10 -3 4 -1 -2 4
-9 -7 -5 -9 -1 1 0 3 -7 -7 -9 -10 -6 10 -5 0 1 4 9 -2 -8 1 0 -5 -7 2 2 4 -2 2 5 3 10 -5 -7 -6 -9 -5 -7 3 8 5 8 4 -5 9 2 1 9 -10 -6 5 5 -7 3 4 -9 -8 -2 10 0 -10 6 8 8 -3 0 6 6 9 -7 3 -3 5 1 10 2 -6 7 9 -9 -10 10 -5 6 5 5 -5 -8 5 0 -3 0 -2 -9 6 -3 7 10 2 2 -3 -8 4 4 8 4 -8 5 4 0 -7 5 10 -10 -7 2 3 -9 7 7 -10 -8 9 9 10 -1 6 7 -4 10 4 0 1 -9 -3 4 0 7 9 9 5 1 4 -7 -7 -3 -10 0 1 10 -1 7 6 1 -7 -9 -5 5 -6 3 -7 -2 9 -4 -4 -7 2 -4 4 -4 0 -7 3 -9 10 8 -7 4 4 8 6 -6 5 -10 6 -9 7 3 8 5 6 -5 8 -5
-6 -7 2 9 9 0 6 2 3 9 -3 -2 2 0 -1 4 -6 -6 3 9 6 -1 7 0 7 10 -4 -4 -4 9 -1 1 -6 10 -5 6 7 10 0 -7 1 7 5 8 8 3 7 -1 3 -10 6 -7 -10 2 -6 -9 -9 -4 -2 -5 -1 -2 -6 -9 -1 -4 7 -9 1 4 -7 9 7 -3 10 7 2 -3 6 -1 -9 2 2 3 0 7 -9 -10 -2 -4 9 4 -3 10 10 1 8 7 9 -4 -4 -1 4 -5 -8 -5 -5 6 -7 2 -9 3 -2 7 -2 -6 -5 8 -2 -10 0 4 -6 -9 -6 0 9 -9 10 9 -1 5 8 7 1 -8 0 6 -3 -5 6 -8 6 -5 3 7 7 2 -8 1 -3 -4 0 0 1 -1 -4 9 6 5 7 10 -10 -7 1 4 -3 10 9 9 -3 -9 0 2 -7 2 -2 7 -1 -10 6 1 6 6 4 5 -9 -1 10 -4 0 6 -8 -7
-5 7 7 -10 10 -8 -4 10 -4 3 -7 -4 7 3 10 -8 -6 -10 4 0 -9 -8 -8 -9 -5 -2 7 -8 8 -3 -2 3 2 4 10 2 3 0 -10 2 -7 7 -10 10 9 -8 8 -9 -8 1 6 -7 -1 -1 9 -8 -1 4 2 2 -10 5 -5 7 -3 -6 2 7 -1 10 -6 -1 10 1 -10 7 7 -6 -7 -9 -10 8 9 2 7 7 -8 -1 -4 1 -4 3 10 6 -6 -5 -5 -3 9 -2 -4 -7 -5 8 -9 7 4 10 7 -8 -1 -8 -2 -7 -4 8 5 0 1 -6 10 -3 -7 -1 9 -8 -4 0 5 4 0 9 -1 8 -6 8 8 1 0 3 -5 -10 0 -3 -3 10 3 -2 1 -6 0 5 4 4 1 -1 5 7 -7 -5 10 9 -8 -2 -6 7 -4 -2 10 -8 -8 -10 6 10 -10 8 8 2 8 -4 -9 7 -2 7 7 5 10 -6 1 2 -3 8 -1
-6 4 6 6 -8 2 1 6 -10 -3 9 -5 6 -6 4 -5 -5 8 8 -6 5 1 -9 -3 5 -3 -8 -2 1 -3 -9 -4 6 1 2 5 4 -9 -9 10 0 -7 6 10 -2 -2 8 7 8 -5 2 10 2 1 8 10 -8 6 -2 2 -3 6 2 1 1 5 5 9 -10 6 -6 4 -5 -3 -8 6 10 -2 -4 -6 -5 -5 1 9 -7 -3 3 0 -7 5 5 5 -4 8 -5 10 3 -10 -3 -9 -6 8 8 -5 -6 10 6 -9 8 -6 -9 -5 -2 -5 6 2 9 8 10 -10 -1 -8 -4 4 9 5 5 -5 -3 3 9 -6 8 -5 9 6 -2 -5 0 4 9 8 -8 -3 2 2 -6 -7 -10 -4 6 6 3 -6 9 -7 -5 5 9 9 -9 7 6 -7 -8 5 -6 9 7 -10 10 3 6 3 1 -9 6 3 -3 5 2 1 8 8 -7 3 -6 -2 5 -3 -8 -1
9 7 3 -2 -4 -10 -10 8 6 -7 6 -10 2 10 -4 0 3 1 -7 -6 3 10 8 -2 -2 7 3 8 1 9 -2 2 -4 3 7 7 5 -5 1 7 7 5 -2 -1 8 1 2 -6 -7 -3 4 -5 -7 -4 6 2 0 7 9 -9 -5 2 10 -10 -8 -6 5 9 3 -8 -8 -2 -3 1 -8 9 -9 2 2 9 10 6 -1 9 -9 -5 10 5 4 -10 -4 6 -1 -4 -9 9 6 6 -3 9 -5 -9 1 -3 10 -10 -5 -8 -2 2 1 2 2 8 -4 6 -10 -8 -8 7 -1 7 8 1 1 -2 -3 9 -4 4 2 8 -10 -2 -5 3 6 -7 7 -8 6 -1 0 -7 6 -2 7 8 -2 4 2 8 5 -3 0 4 4 8 -10 5 -7 -2 -8 2 10 -3 -3 0 3 1 6 7 -10 -2 -3 -1 -8 2 0 -8 7 -5 5 0 1 -4 8 -2 -5 -4 5
-4 -3 -3 -2 -4 -3 -4 -3 9 1 -6 -7 -7 -8 5 9 -10 7 -9 5 1 9 0 5 8 -2 5 -5 6 -2 2 -3 8 -6 -9 6 3 5 7 -9 6 1 2 -5 4 -7 6 4 0 -10 -10 -4 2 8 -7 0 1 9 -2 -5 7 -2 -3 -2 5 9 0 1 -5 5 3 -4 3 1 1 2 -2 4 -5 8 -6 8 -3 -7 -2 -3 7 3 2 -4 -6 -6 5 -10 -5 3 5 -6 10 6 7 0 5 -1 -2 7 8 -9 2 -7 -5 -9 -4 -2 5 10 -7 4 0 -2 1 1 7 7 -2 1 -10 3 -7 1 9 -4 8 8 10 10 7 -5 -1 1 0 6 5 4 -8 2 9 -1 4 10 -6 -5 10 0 3 10 9 8 2 -8 -8 -5 0 -3 0 0 10 -1 -2 9 10 2 -2 4 1 8 6 4 3 -5 -5 -10 -6 -3 -2 -8 -4 -5 2 -7
-7 -8 5 7 -9 -10 2 6 -8 -7 -2 9 -6 -8 10 2 -1 -3 -3 -1 4 10 -6 -6 6 -5 -10 -9 1 0 5 4 7 -2 7 4 -6 7 -5 8 9 4 10 10 8 3 6 10 10 7 -1 1 5 7 -3 -8 4 -1 1 3 -2 -6 -1 -10 -10 6 -6 1 -1 5 7 -10 5 5 -1 -10 3 -1 9 -3 -10 7 1 -4 3 7 3 2 -3 -5 10 2 2 -3 -2 -8 3 10 -3 6 9 -2 -1 10 7 -2 3 -4 -8 -5 -6 -1 -7 10 4 9 4 -2 9 5 -4 0 -10 -6 -9 7 -10 -5 -7 -1 -2 -6 4 -10 -3 -8 -6 -10 5 -4 0 3 -1 5 1 4 -9 0 -8 -6 -9 -2 2 -8 7 5 -5 -4 -2 2 -10 -7 -3 2 4 -3 -9 -4 4 -7 6 -4 5 2 -1 0 -5 10 -9 7 6 -7 -2 5 10 -1 -4 1 -9
-4 -7 -3 10 3 0 -10 -5 -2 8 -7 2 -3 -10 -9 8 5 9 -6 1 -8 -3 -5 5 -8 9 0 10 -9 -9 1 10 -6 7 -7 -6 5 -3 0 7 10 1 4 -4 -10 2 1 -6 -2 -9 5 4 7 -1 7 5 -4 8 -5 7 1 0 4 -2 9 7 -5 -8 6 -6 4 -1 -2 7 1 4 -10 10 6 2 -5 -10 9 1 9 -3 0 -8 7 2 -4 6 5 7 -6 9 -1 0 3 10 0 -7 -7 6 -8 -9 -6 -5 -9 -4 -7 5 -4 -7 -9 8 10 2 5 6 9 8 -2 -9 1 -3 9 -8 -10 -4 10 5 -8 4 10 -9 1 7 3 1 -9 9 -2 6 -9 -8 -1 -8 -4 6 -7 -7 -3 7 2 -4 -4 6 -3 8 10 -5 7 7 3 -7 10 8 1 4 3 -7 -5 -5 7 2 6 0 -5 7 9 4 1 0 7 0 1 3
10 3 0 9 -3 8 7 -4 2 7 -2 1 4 4 2 -10 -9 -1 9 -10 6 -6 -1 -10 -1 -3 -4 0 -10 -2 7 6 7 8 8 -6 -7 -9 4 1 -6 -6 -2 1 8 -3 -3 -2 -1 -8 8 2 8 -4 -8 0 5 -5 5 8 -7 9 10 -1 -9 8 2 -8 -9 0 1 3 3 -7 -3 10 9 -10 10 10 2 -9 -1 6 -9 0 7 8 -6 0 6 -3 -6 -9 2 4 9 8 6 -8 -3 3 -1 2 -6 -6 0 -8 5 8 -9 7 2 -2 -8 2 6 3 -6 -6 5 7 -4 5 2 10 8 -4 7 9 6 -3 -3 -8 -2 3 0 8 -8 -7 3 3 1 1 -4 0 1 9 10 -10 -1 -5 1 9 4 9 -6 4 -9 -3 -4 1 -6 -8 -7 -9 -3 9 -6 -1 -10 0 -7 -1 4 5 -10 0 -4 7 -4 -4 7 6 -2 7 5
9 -6 -10 2 8 6 -9 -2 -5 -9 -1 -4 9 -2 -9 4 10 -10 -8 2 -2 1 -7 -10 -1 10 2 -3 2 6 -7 0 5 9 7 -8 -5 -4 6 4 7 -10 -9 -3 6 -1 0 5 2 -5 -10 1 1 1 10 -1 -3 6 -2 -9 10 -2 2 -10 7 -2 -3 -6 0 2 -6 -8 2 6 9 10 -3 3 -3 8 -6 3 -1 9 0 4 7 -6 -4 10 -6 8 7 -4 -6 -1 6 -6 3 -6 10 8 -5 0 -8 7 7 -7 -5 0 -6 -10 0 3 3 -1 4 10 -2 -6 -4 -7 -6 -5 -10 9 9 -2 9 8 9 -3 9 -3 -3 -10 1 -8 5 -6 6 9 5 10 1 -5 2 5 5 -6 -5 -4 -3 -9 3 -10 -2 3 -3 -4 -4 -8 -5 4 9 5 0 4 -3 3 2 -9 9 2 0 2 9 8 9 7 6 10 -9 6 -7 4
4 -9 -3 6 7 2 -9 7 2 6 10 -9 -4 -1 4 2 -1 -1 4 -5 3 -1 9 -9 6 -6 4 10 4 -8 6 -7 -5 8 7 -6 2 3 0 4 -10 -5 4 8 -4 4 -8 -2 0 10 -5 -7 -8 -7 4 10 1 -8 6 2 6 9 -5 2 7 2 -9 -5 0 8 -6 -5 -6 -5 -9 3 -1 -1 4 -1 10 -5 -7 -6 -4 -10 9 -2 -10 4 5 5 7 -10 9 5 -3 -4 8 5 4 3 4 -8 9 9 -10 -3 7 -2 9 10 7 -4 -9 -5 -6 -9 10 1 -9 -6 -9 8 9 -1 0 -8 -9 -7 3 -5 -5 -1 9 9 8 7 -5 4 8 1 -9 -8 -1 0 1 2 -8 3 7 -8 -1 5 -6 -7 -2 0 6 3 6 -4 -4 9 -9 -7 8 10 6 -8 5 9 -1 3 9 0 -2 6 8 9 1 -6 9 8 5
6 10 5 5 -5 9 -3 -1 -4 -10 -7 -10 4 10 -7 -4 9 3 3 -9 0 1 7 10 -4 -10 10 -4 -1 -2 -8 -1 -1 6 7 0 -10 -7 0 0 2 8 9 -10 -5 -4 0 0 5 5 -9 10 -6 5 -6 10 4 7 0 4 3 -9 6 -1 8 0 7 7 -10 -4 8 0 1 -8 -6 -2 -10 0 2 10 7 -5 8 9 2 -5 9 -7 -1 0 -9 -2 3 -8 5 -3 1 4 -1 -4 6 -1 -5 -7 1 -9 -4 -8 4 6 -10 5 6 -6 -4 0 5 6 -1 0 -6 -7 6 -6 -4 -9 4 2 6 -7 -10 -1 -9 9 -8 0 4 -9 -7 6 -1 -10 8 -1 10 -4 0 -4 -4 -1 -2 7 0 4 -7 -2 -6 -5 -2 -7 -10 9 7 6 -7 -4 7 1 7 0 -2 -6 -1 8 -3 -5 -8 -1 9 0 7 4 -9 -6
-10 5 -9 -7 2 -9 -8 3 2 -5 9 8 10 4 9 1 -1 0 -4 7 -8 4 8 -6 -8 4 -7 4 -1 10 4 5 -3 -3 -6 9 -2 1 2 -5 0 0 4 5 -10 -8 5 -7 1 5 4 -5 -1 1 9 8 -6 6 -7 2 -7 0 7 10 -8 -1 7 4 2 8 3 -3 9 -3 7 -5 5 2 -8 0 -4 8 3 3 8 0 7 -3 -5 -8 8 5 -7 8 9 4 0 7 -7 4 -5 -1 2 -8 9 -7 9 2 0 5 10 -9 -8 -4 -6 8 10 -10 -6 -6 4 7 -1 2 9 8 4 -4 -4 0 -1 8 -1 3 1 -8 8 -10 9 6 2 -6 -1 -9 1 7 -9 -10 7 1 -7 -1 -10 -3 3 8 2 10 0 2 2 2 3 7 -4 -5 5 -6 -4 7 2 1 3 -6 -1 -6 -6 -10 -8 10 -10 -6 5
3 -6 -8 -6 10 3 4 9 3 9 -5 4 6 3 7 4 2 1 -3 -5 3 9 -10 8 5 -3 6 -2 3 7 8 1 -9 -9 8 5 1 -7 8 5 -8 -6 6 -2 4 6 -8 6 9 -8 -3 5 10 -8 10 7 8 -1 9 -9 0 7 -10 5 4 6 5 8 0 3 1 -1 -1 -5 -9 9 -1 8 -2 -9 10 5 8 -5 8 -9 -1 9 -10 -1 5 -8 -6 6 -8 -2 -2 -6 9 -2 -2 -2 -10 -7 9 -5 8 -6 4 1 -5 -2 -3 5 -5 6 -9 0 -8 -6 9 -6 5 3 2 -3 4 10 -5 -4 8 1 -9 10 -2 -7 -9 -5 4 2 5 -1 5 7 -3 2 2 5 -2 -6 6 3 -10 -1 4 2 0 6 -9 -7 7 10 1 3 9 10 -2 0 -2 -2 -7 -2 10 8 2 4 -3 8 -4 6 0 -5
0 7 -10 -10 -8 -10 3 -7 6 -7 4 1 -3 -1 -2 -4 -9 -10 9 -8 -9 9 -4 9 10 -7 -7 -8 9 -6 2 10 8 -5 -7 -5 -2 -1 4 -8 10 4 -2 3 0 -2 -5 -8 -2 -9 2 2 0 -9 -2 -2 -5 4 -8 5 -4 9 2 -5 10 5 -7 -6 7 3 -4 9 10 -7 4 -2 -7 -9 -8 -8 8 -2 4 -10 5 -6 10 10 -10 -9 2 -2 -6 0 2 8 -10 6 5 5 3 2 -8 7 -3 -10 2 5 -7 8 7 1 0 -1 2 -9 10 10 -8 1 7 0 -8 4 -1 10 -4 -5 7 -9 2 -4 -1 2 -7 10 1 5 -8 10 4 -4 -6 -9 -4 -10 8 -3 5 2 -8 7 10 -1 5 7 4 -10 -9 0 -9 0 -9 2 -7 -4 10 6 4 7 -6 8 -3 -8 -9 -6 5 10 -10 5 9
-9 -3 10 -6 -10 -5 10 -9 -1 -7 4 9 -5 8 -8 -7 -7 5 9 9 -3 -8 -4 3 0 2 0 -7 8 7 -6 0 -4 -9 8 -5 0 -8 -7 -2 -6 3 -5 1 7 -5 4 -3 8 -9 -6 -7 10 9 2 -5 -10 5 -8 -10 -10 -5 -8 10 8 -1 3 5 -6 -4 -6 10 -2 6 4 3 -3 -5 9 -9 9 -5 5 9 -8 10 -1 1 3 -10 7 -3 -4 -7 6 -7 9 1 7 6 -3 4 10 -4 -2 -9 -4 -7 -6 5 5 -5 -5 -9 -9 10 1 -1 -4 3 -2 0 9 4 -9 -7 -9 7 -5 -5 -10 5 6 -7 -8 -3 4 8 8 0 3 -4 0 -3 -7 0 -3 -7 -3 3 -4 2 -3 -8 5 8 5 -9 3 -6 -4 9 4 -5 2 1 -6 4 -4 10 1 -2 -4 0 -6 -9 8 -9 -2 -6
-7 4 4 3 -5 0 -3 -1 9 -5 10 9 -5 8 7 -3 -8 3 6 5 -4 8 5 4 -2 -10 3 -3 -3 0 3 8 -3 8 -6 8 -10 3 -9 -9 5 6 -9 3 6 2 5 -7 4 5 -3 -8 7 -10 3 -4 -6 1 -1 -3 10 -8 -10 5 -1 -5 4 8 8 -10 4 4 -6 2 -5 1 10 4 10 -10 10 -8 2 0 6 -9 -1 3 -2 9 7 8 -4 -8 9 0 -9 6 1 -9 -7 2 1 4 9 -9 1 1 -5 10 7 -8 7 -4 -6 0 -3 7 -7 10 5 8 -4 -3 0 1 -2 6 3 -2 -9 -8 1 1 4 5 6 6 -7 5 7 7 -1 4 9 1 -8 -4 4 -8 -8 2 -5 -1 -8 -7 -5 -2 -7 -6 5 -6 -4 6 10 -10 -1 3 7 -6 5 1 3 4 10 -10 -1 -4 -8
-10 -3 6 10 0 3 8 0 10 10 0 5 8 6 7 4 4 -1 8 -6 -1 -5 -2 -3 5 1 -1 -9 -6 1 -1 4 -5 9 -5 7 -1 -5 -5 -6 -5 -3 -7 -9 0 8 -6 4 -2 1 -5 -4 7 -9 0 1 -6 1 4 7 -5 7 -1 -7 -10 2 5 -6 4 0 -6 -10 7 6 0 10 -1 5 -1 8 -6 8 4 0 -7 5 -9 -6 7 -7 -1 -10 2 9 -3 4 1 -8 0 -9 9 10 -4 8 6 -3 -2 -4 -10 -8 7 4 -8 6 2 -4 5 0 9 9 6 -9 1 2 -6 3 1 2 1 -10 -1 1 1 -1 4 7 -8 -4 4 3 4 -1 -5 3 3 -6 8 9 -8 -6 -4 -1 5 6 0 -8 8 2 -8 -10 3 10 -2 3 -5 7 4 8 -6 -4 -5 2 -1 7 5 -9 -1 8
-1 5 7 4 -3 -10 -10 -6 -2 -1 10 10 5 -7 10 -1 3 -5 5 10 -3 -10 -7 -2 5 -8 9 1 8 5 8 3 -2 10 5 -7 1 6 8 -10 -2 -5 8 -9 -6 0 4 -6 1 -5 -9 -2 1 3 10 1 -9 -1 -1 6 10 -8 6 -4 10 -5 -7 9 -5 7 0 0 -1 -2 1 -7 7 8 1 -6 -10 -6 6 -1 1 5 3 0 -5 -7 -4 -6 6 -3 -4 7 9 6 7 7 -7 3 4 -8 -7 -6 -10 5 1 -1 1 -6 4 9 6 0 -5 -1 -10 -7 -3 -6 -6 -3 -1 -6 -4 -6 -8 3 -7 -8 -10 5 3 -9 -4 -7 -9 6 8 -9 5 -7 -2 -9 -8 -1 -10 -7 -7 9 -4 8 -4 -5 1 -10 -8 -6 -2 8 1 1 -5 6 9 -3 6 8 -8 -7 8 -10 6 -4 -4
-1 -5 7 -10 -7 -4 6 5 1 8 -5 4 -7 -5 1 2 3 -4 6 -3 3 -7 0 -7 4 -7 6 -6 5 1 -1 7 -9 -8 0 5 -7 2 -1 4 9 -1 4 -3 7 3 -1 3 -4 -8 5 1 -5 -10 5 -7 2 4 6 -8 -7 -6 2 2 8 -7 -5 -8 1 -4 0 -4 9 2 -7 -3 3 5 -2 8 8 -2 10 2 1 5 9 2 5 6 -2 -6 4 -7 -7 -2 5 5 -3 10 -6 -10 -7 -9 -8 5 -10 -5 2 9 0 -6 -1 9 9 -7 -8 6 5 4 -4 -1 5 5 6 -2 7 0 7 7 -10 -9 3 -7 2 4 0 2 4 4 -9 -9 -5 7 -1 -5 5 3 -6 -1 2 5 -7 8 5 7 7 8 5 5 7 -5 6 -9 2 -2 5 8 2 9 1 -1 0 -9 -10 8
-9 -6 1 1 8 -10 10 0 2 -7 3 1 1 3 1 -9 -3 -3 -3 10 -1 8 -8 -8 -1 -7 0 -5 -10 7 0 -9 4 3 8 6 3 -2 -10 5 8 -10 0 2 8 2 0 8 -7 5 -7 -4 0 5 6 0 -5 9 -1 1 3 -4 5 10 -8 7 -4 -1 -2 -9 -1 8 2 -3 9 -8 8 -7 8 0 -2 -8 8 6 5 3 -4 1 -8 10 -1 6 -1 3 7 0 -4 3 2 -2 9 6 4 7 -5 -10 10 6 -5 8 5 -4 4 -2 10 7 9 3 8 10 -9 6 -4 1 4 -6 -3 -6 -1 3 3 0 -8 10 -4 3 -2 -1 10 -5 -2 9 -3 2 -3 -7 -6 -4 -10 -3 -1 4 5 7 3 3 10 -9 -4 -5 -2 -6 -10 -2 -2 7 -5 10 -9 5 -10 -9 -8 0 9
-1 -8 3 1 -8 2 -6 -3 -7 8 6 -7 6 8 6 -2 5 -8 -3 9 -7 0 0 8 2 -3 3 -4 -6 -7 -5 -4 -2 4 3 -2 8 -9 5 7 1 -7 0 7 3 5 -3 -2 -6 1 5 1 -1 -10 10 9 -9 -9 -3 -2 7 2 -1 10 1 -7 7 -3 4 2 -10 2 -2 -1 -8 -3 -1 -4 -5 4 10 0 10 3 -9 -2 -8 5 5 3 0 3 -7 -5 -2 6 -8 1 3 9 7 0 4 -10 -9 10 10 -5 10 4 10 -6 -10 2 -4 10 -1 0 8 -8 -7 -5 -3 6 10 -6 9 3 0 4 5 -6 -2 -5 8 0 -1 -4 -8 3 1 -5 2 2 8 -3 -10 -10 7 10 9 10 -3 -8 4 -4 -2 -5 -9 2 9 3 9 -2 -6 -8 1 -5 8 -7 -10 6 3 4
5 -7 -3 -4 -4 -2 -1 5 2 -6 3 -4 9 -4 -1 -4 3 -5 3 -6 -10 -1 -2 -3 9 4 -3 1 8 10 4 -8 -10 5 -6 0 2 -4 2 3 9 -2 -8 -7 7 -9 -9 0 -3 5 1 9 9 -9 -10 -2 6 9 2 -1 2 1 -6 7 -9 8 -5 -2 -5 6 5 0 4 -6 -8 0 6 3 -6 -2 -7 0 -9 -6 5 -2 1 3 -1 -2 9 -2 6 0 3 -5 0 5 -6 7 10 4 -9 -4 -6 -9 -3 -5 -9 5 -2 -5 4 3 -7 5 -9 4 1 7 5 4 5 -7 -6 -7 1 -8 -4 -1 -5 -5 6 -2 8 8 -4 8 -10 6 8 -5 3 -8 -3 5 -7 0 -10 -1 -7 2 1 8 -7 0 -6 -10 -8 4 5 4 10 -2 9 -10 0 -9 10 9 4 0 8
-6 -4 -9 10 -1 0 -9 -8 7 9 2 -8 2 -2 -5 -3 2 -8 -10 -4 -5 2 2 -1 10 10 -6 -7 -1 5 3 -1 9 -6 1 -7 1 6 -4 5 4 2 5 -2 8 9 3 -8 3 1 9 -5 3 10 3 -8 -9 6 0 4 -3 10 -6 5 6 10 10 6 -8 -1 4 3 -8 5 -1 -6 -6 -1 -3 6 3 -1 8 -9 7 -8 -9 6 -7 6 3 3 -7 4 8 -2 1 -2 8 -8 6 -10 -7 4 -5 -5 2 -9 -8 3 -1 0 8 4 4 9 -2 0 -5 -4 -5 -8 9 -2 -7 3 7 -10 -10 2 -7 -10 -5 10 5 4 2 9 5 -1 9 9 1 2 -1 -8 -6 -6 -10 -4 -7 -10 -4 -10 -4 5 10 -6 10 -3 3 10 7 -4 -8 -1 4 -6 5 3 -10 -7
-5 -6 4 5 5 -10 4 8 -3 -4 -1 8 2 -9 0 -10 -7 10 3 3 5 8 9 7 -1 -9 5 2 5 6 8 9 5 -3 -9 6 -10 3 8 0 7 -8 -2 10 3 5 -7 5 9 10 1 4 3 -10 -5 -1 -4 5 1 4 -3 6 -3 8 0 9 4 -6 -1 2 3 10 1 5 -5 9 -4 -1 -8 5 -6 -5 -4 -5 9 5 -7 3 5 -1 -3 -4 7 -9 -10 1 -2 1 -5 -5 6 -9 -8 0 3 -7 9 -3 -7 7 -3 5 -2 0 1 -9 7 -2 -6 6 9 -7 -9 4 4 -7 -7 9 9 -7 7 -9 6 -7 -5 10 -7 -4 1 -5 -1 4 6 5 -7 -6 10 1 0 -6 -7 -4 4 3 -10 -3 5 0 -1 6 -5 -8 -2 1 3 1 10 -3 -6 6 3
-3 -6 3 3 3 4 6 1 -10 4 -6 -10 6 -8 -8 0 0 2 -5 3 -9 2 -9 10 -6 8 -9 10 6 -1 3 2 7 -1 0 1 -10 -2 6 9 -6 2 4 10 -4 7 9 9 10 4 1 10 2 -4 -1 -8 -9 7 0 2 -6 6 7 -1 -4 -8 6 7 -1 6 0 10 -5 -10 -10 7 8 -2 -3 -1 3 6 -7 -9 1 -2 10 6 1 -7 -9 10 -7 4 -1 8 -10 4 0 -3 8 8 10 7 9 -3 1 -1 -1 8 -6 2 6 -3 -7 0 6 8 -4 1 4 -7 -6 3 3 -8 -8 -9 3 -6 5 -4 4 -8 1 6 2 8 7 6 2 -2 8 5 10 3 4 5 3 -5 -6 6 -6 5 4 -6 6 6 -7 -4 4 5 -9 -5 7 1 -7 9 3 -7
-7 1 8 -1 -9 6 -6 -7 1 -1 1 -1 -1 5 -10 -6 -6 8 3 -9 -1 -1 -4 -5 5 -10 -7 7 1 -8 -9 3 5 8 -1 8 4 0 2 5 9 -6 -6 6 10 4 4 4 -6 0 -8 9 9 3 2 -3 2 0 7 -9 4 -2 10 -8 -5 -10 8 10 -1 7 10 -7 10 7 -8 -4 9 7 8 -9 8 6 -4 5 6 -10 -7 7 -5 -10 -2 -4 -3 8 4 -8 7 9 0 2 8 -9 5 -10 0 3 -5 3 -10 6 0 2 -2 -8 -7 -7 7 -5 -1 -6 -5 -2 -8 -6 -1 3 -5 -9 9 0 -5 -10 -9 -1 2 -7 0 -6 3 0 -2 2 -7 -9 -4 -3 9 8 -3 5 6 6 2 -7 -2 -9 0 4 7 3 -8 5 -10 3 10 -3 -10 -2 7
8 -7 -3 7 10 -6 -1 8 3 4 -8 10 6 -4 -6 1 7 -5 -3 7 3 7 4 -9 -10 4 9 -1 10 -5 -10 -9 5 -2 9 -2 2 1 10 -4 8 6 -1 -9 -5 7 8 -8 -1 -8 2 -7 -6 7 -2 3 -4 9 6 0 0 10 -2 4 -2 -3 0 0 -4 4 9 0 -10 -6 10 -10 9 5 -10 -10 -5 3 7 5 2 7 -8 10 10 -8 7 -10 4 -7 1 2 9 1 2 -5 -10 -7 4 1 -4 4 -10 -3 -10 -2 1 -4 -8 9 10 -1 -3 -3 5 1 -9 -2 5 9 -4 -10 -4 10 2 -7 -2 8 6 5 -5 7 -4 8 9 8 -5 -8 8 -6 -8 -6 -2 8 -3 6 -2 -4 -10 7 9 -2 7 4 -10 3 10 10 -9 0 3 3 -2 -7
6 4 5 1 6 -9 -3 -9 -2 3 7 4 0 -10 2 -4 0 -8 8 -10 -3 3 -8 -3 -4 -5 0 -1 -8 10 10 -7 -10 5 3 -10 8 10 0 -2 -3 -7 5 -3 0 -9 0 6 -3 -8 9 9 4 -7 10 4 8 -7 -8 -9 -9 2 0 -8 -6 -9 4 -9 -1 9 10 3 -8 -7 -9 7 -9 -1 2 2 -7 9 3 -3 9 9 -10 4 2 4 3 9 9 -7 0 10 -10 4 6 0 8 -4 -7 -7 -10 9 -8 8 -4 8 -6 10 6 -2 1 3 5 9 4 -5 -3 -6 -9 -9 -6 -1 8 3 6 10 1 -1 8 7 -6 -6 5 -1 9 0 -1 1 -10 6 8 -6 -9 -3 6 7 -9 3 1 -4 -4 10 -4 -8 0 -4 5 4 9 0 8 8 0
9 -1 3 0 -5 -7 4 -9 5 -3 -10 10 -3 -3 4 9 -4 -3 5 0 2 -4 2 -5 -10 1 -10 -8 1 -10 7 -7 -6 -1 4 -4 10 8 1 -9 -10 -4 -4 -1 -5 -3 -2 -5 0 7 -3 -5 -4 -10 -5 -2 -7 -10 -6 2 10 -7 0 -4 -1 4 -3 1 1 -5 6 9 3 -8 -7 -6 -6 -4 -4 7 2 1 0 9 3 10 -3 -9 9 8 -4 7 -1 -6 0 -3 -9 10 -2 -6 6 8 5 -4 -8 5 9 -8 -5 6 2 10 6 1 5 6 4 -5 0 1 6 5 5 5 -2 8 2 10 8 10 -9 -4 -3 -4 4 -3 2 -4 -1 3 2 8 -5 1 -2 7 -8 -6 -8 -1 4 6 1 -3 8 -9 4 6 9 0 3 4 4 3 3 1
5 0 -2 2 -10 -5 4 -3 -2 10 -8 1 -8 -1 6 6 7 10 -8 -2 -3 -7 -7 -8 1 -9 7 -4 0 -4 0 -2 -1 -2 -4 9 -6 7 -2 -10 -1 -1 1 2 2 8 10 -10 5 10 6 -6 2 -3 -3 -4 5 -3 6 8 7 4 4 0 -8 0 -4 3 3 -4 4 4 7 -10 1 -6 8 -6 -1 -10 5 1 0 -3 3 3 2 7 -1 0 8 -10 8 -9 -6 -6 0 8 10 9 9 8 2 2 -4 2 -8 7 2 -4 5 -7 0 8 4 10 -1 -8 -5 -7 7 -5 -9 9 5 -10 -5 -4 -8 2 -1 -4 -3 -1 6 -8 4 -9 1 6 -10 -5 0 3 2 -5 -7 -6 7 3 5 -8 2 -4 -6 -4 -1 3 5 -5 9 8 -1 8 -4
6 4 -2 -4 -10 -6 4 -8 2 9 -3 6 0 8 5 4 4 8 -9 -8 -1 10 4 1 -1 2 9 -5 3 -3 -5 9 3 4 2 -5 8 -7 2 -9 -3 -5 -2 10 7 -1 -8 -4 5 3 7 -7 1 -8 -7 6 0 3 4 -5 -2 -4 6 -9 4 -10 -8 10 4 2 0 2 -4 2 -9 -10 -2 -7 -6 0 4 5 4 -8 -8 7 -3 4 -6 5 -2 -5 -5 -10 9 -7 -5 -1 -7 7 2 -5 -8 -10 -2 -6 4 1 -5 -4 -9 7 -4 4 -9 10 6 10 -7 2 -1 4 -9 9 -10 -9 2 -4 -3 1 -3 -4 -8 -10 3 -10 -10 0 -4 -8 -3 -7 -5 -5 -9 3 6 -7 0 0 7 10 -4 9 -4 7 2 3 -7 -3 -4 -7 1 0
-5 -10 2 10 0 -10 2 -4 4 -3 -8 -2 10 9 1 -9 -8 -4 3 -1 9 5 -7 7 8 -5 -2 -7 9 0 10 2 -6 0 -5 10 0 5 -8 0 -10 9 8 4 2 6 10 -3 6 8 -10 -3 -10 9 -7 -1 -3 3 -3 9 -8 -9 -6 1 5 -1 -4 -6 2 -4 10 -9 -3 9 4 0 -6 -2 0 10 -9 6 3 10 -1 -10 -3 0 0 -3 -4 7 -9 -3 -3 9 2 6 0 -5 4 10 -10 -8 5 -8 -4 -9 10 -6 -4 -6 -8 -5 8 7 -4 -3 6 -8 3 4 -1 -5 -4 -3 3 -5 9 -3 -1 -1 8 4 10 -4 -2 5 -8 1 2 2 -5 5 4 3 6 9 3 -6 5 -10 2 3 -8 -1 9 7 -6 7 -5 -2 2
4 -1 4 -1 2 7 9 5 -8 0 -6 5 -4 -6 -4 -10 -10 6 1 5 2 3 2 1 2 5 -1 10 8 -8 3 -9 -7 2 8 -5 -4 3 -2 1 6 5 10 1 -9 10 2 3 -3 -3 5 -9 1 10 -10 10 -6 -2 9 4 -6 -2 -3 9 8 -5 -10 -7 -8 10 2 2 8 -8 6 -4 3 -5 3 -2 -1 6 7 2 8 -1 3 -8 -7 10 8 1 -6 -2 -4 2 -1 -10 -5 5 -10 -7 -8 3 6 3 10 -1 3 -5 -5 1 -5 -6 -4 5 -5 6 -7 4 8 -4 -5 -4 -9 -5 -4 -2 3 4 10 9 -7 10 -5 -8 -1 -8 2 -7 -2 -8 0 -10 8 -3 5 5 -7 -10 -9 -2 -10 8 -9 -7 -4 6 -10 2 9 6
-2 5 5 0 9 3 0 1 0 0 -3 1 2 2 9 -9 1 0 -7 -10 4 2 -6 -10 9 -7 6 -2 -3 1 4 9 5 6 3 -4 -10 10 0 -10 10 1 -9 0 4 -3 9 5 2 9 -8 1 3 5 -7 2 -1 9 -4 -6 6 8 6 -9 -6 5 -8 -1 7 4 -5 4 -7 5 7 -3 -3 -4 -5 -8 -7 3 -10 -5 0 2 -2 -3 -2 5 -7 -6 7 10 5 -8 0 -3 8 9 -8 10 0 2 2 10 10 7 3 -3 -3 -2 -7 -1 -8 -7 -8 0 8 -4 -7 8 1 -6 0 2 8 -10 -1 -9 8 7 -4 2 3 0 1 -6 6 9 8 -3 -7 2 -10 7 4 0 -6 -1 -3 5 4 -6 9 -1 -6 -9 9 0 -1
6 -7 -2 8 5 10 -4 5 -1 2 -9 0 -6 -4 -3 -9 -5 5 2 -1 -5 -10 7 2 0 3 5 1 2 2 -8 6 -1 -1 -4 7 2 -7 -6 0 8 -9 -1 4 10 -5 8 -6 4 5 -1 -6 -4 -4 -4 10 -10 1 8 -7 -6 2 3 -5 -9 -7 1 5 -5 -9 -7 6 10 0 8 3 -6 10 2 -3 -9 -7 -3 2 5 -1 9 -5 10 2 -8 4 10 2 -2 10 10 4 1 -10 -7 -7 -8 -7 5 10 6 -3 -10 8 8 8 5 -2 -7 8 -5 2 5 10 3 -1 8 -6 -7 0 -8 7 -5 2 -10 2 7 7 6 5 -8 6 8 7 10 -7 -4 -7 -5 9 -5 -10 7 4 0 -7 -9 -6 8 -4 10 -5 -8 7
-2 -9 -8 -7 6 -1 1 7 -5 3 -10 -3 -1 -9 6 -1 7 4 -6 8 5 0 6 1 9 7 6 -4 -7 -9 -3 -9 -4 -6 -1 -4 -6 9 7 -4 8 1 -2 -6 9 3 -8 7 -2 -2 2 10 -5 2 4 -8 -2 3 -6 7 -4 -8 10 -2 10 10 -4 1 8 10 6 9 -5 3 -6 0 3 2 -10 9 -3 -8 -2 -7 7 -7 7 3 -8 0 10 -8 1 0 -2 -6 -3 -2 -10 -7 2 -3 2 -7 -7 -5 6 -1 8 5 -7 6 1 8 -1 7 -2 9 -7 -9 -5 0 2 -5 1 7 7 9 2 5 8 -6 -2 -10 6 -6 -6 -6 2 8 -2 -9 10 1 -3 9 3 4 -5 4 1 4 6 -1 -2 3 6 -3 -1
10 -8 -1 3 0 -8 10 -8 -8 -3 -8 -5 8 -9 -8 -1 7 5 -10 3 6 -6 5 5 6 7 -7 2 -10 9 -4 -10 3 7 1 -3 6 9 -9 9 4 -5 6 -3 -5 -8 1 -6 6 1 -9 3 5 2 -5 1 -7 0 -3 7 -7 -1 -1 5 -1 -2 -4 -10 10 8 2 -4 -1 10 6 -9 4 9 5 -9 1 -10 9 4 0 -1 1 -7 -10 1 -5 2 1 -10 -7 3 5 -4 -8 6 6 -6 3 -7 5 -10 -6 -2 -3 5 2 1 -1 1 3 -5 7 -2 -7 4 4 -5 -6 1 3 -10 1 -4 -7 -4 -1 -9 -6 2 3 0 -9 -5 -4 5 -2 -7 3 5 7 5 -6 0 2 6 2 -6 -7 -7 -10 -6 -6 1
6 -10 -3 -9 0 3 9 -10 3 5 -1 -1 5 -8 3 -3 9 -6 6 -5 -3 -2 -7 -2 -3 3 -4 5 -7 6 9 -5 -4 8 10 10 -6 -3 -7 -6 2 -9 -2 -4 -6 3 -10 9 -4 -8 -9 2 3 6 -1 10 -3 -3 0 3 5 -9 6 3 10 -9 -1 -7 -2 1 -2 1 3 -3 0 -9 -5 -9 -10 -9 0 -4 -1 5 -2 9 -7 3 -5 -2 5 1 0 -1 -7 -7 -10 7 -6 0 1 1 8 6 9 1 -3 10 -2 -4 8 2 -8 -7 -6 10 9 -7 -9 8 10 -4 -4 4 -7 -8 7 9 0 -1 5 -4 7 -6 -9 -6 -4 3 7 -2 7 1 1 4 10 -7 3 -8 5 3 6 6 -10 -5 9 -2 -6
-1 -9 8 -9 -4 2 5 7 6 -8 -5 4 6 2 7 2 2 9 -2 -4 -5 -10 -5 8 -4 8 -10 6 4 6 6 -2 -1 -3 -1 -2 7 -7 -5 -3 -9 7 -3 -1 -9 10 -6 -2 -6 -2 -9 10 -3 -4 7 -7 -10 10 1 10 9 1 0 -8 7 -2 -6 3 9 -1 0 -9 10 -10 1 -3 -2 -5 -2 -10 7 8 -7 2 10 -2 10 10 9 7 -4 4 -3 0 -2 -4 8 10 2 -6 4 -3 3 1 -6 5 -8 5 -5 4 -5 -5 -4 8 5 -5 10 -1 -10 -1 -5 -5 2 9 -4 -8 -6 -8 3 -3 4 10 2 -7 6 -6 -10 9 -7 2 2 -10 -7 -10 10 -9 -6 -3 -8 -2 -6 10 9 -10 -10 -7
7 0 -8 -4 -6 5 8 4 -5 -1 0 5 -6 -3 -9 7 -2 10 7 -7 -10 -9 -7 7 -1 -7 6 3 -6 -10 -3 -10 -3 3 2 -6 1 10 -1 -3 2 -7 5 -5 -7 -3 -7 -1 1 -8 9 0 -7 1 -8 -9 9 -6 -5 3 6 0 9 -5 3 -6 -1 9 -1 1 -7 -2 5 1 -2 -8 -10 -6 10 -6 0 -6 2 4 5 -8 -7 8 3 -2 -6 -8 0 -6 -5 2 1 0 5 3 5 3 9 10 0 -6 10 -3 2 3 7 5 7 7 5 7 7 -3 2 -8 8 3 6 8 -3 -8 -3 1 -10 -4 -10 1 7 5 -6 -7 -9 1 1 -6 -1 4 -6 7 3 -3 -4 -3 -9 -6 -7 -6 2 -10 3
1 -9 -7 8 -8 5 9 -5 -10 -6 1 -6 -8 -3 -8 -10 8 3 -6 -5 5 -6 6 -1 5 3 0 4 10 -10 -1 -7 -6 -9 10 -9 9 -5 6 -5 -10 2 3 4 7 -2 8 6 -1 -3 3 -5 -2 -8 6 2 -6 -4 2 9 -9 -3 2 -5 7 9 -8 4 5 0 10 10 2 2 -5 -9 1 10 3 -4 -2 -7 -7 -8 1 9 0 -10 -3 -1 -5 7 -7 -8 -4 9 -10 -1 -4 7 -4 10 -9 -3 -2 -8 8 8 -9 8 5 -9 -9 0 -8 -1 -10 1 -1 2 6 -4 0 2 1 -6 -7 0 3 6 -7 6 -6 -10 8 2 5 8 -9 -1 -5 -6 4 -8 10 -8 -3 -4 10 -6 -5 6 6 9
10 6 0 4 -6 0 -1 1 9 3 -9 2 -3 -4 9 9 -8 -6 8 10 5 -7 -10 -6 -1 7 -8 5 -7 4 0 -5 -1 -5 -8 -2 8 1 1 -8 -8 -5 4 -2 5 -2 4 10 -6 -7 8 5 -9 1 -1 2 3 9 -6 4 1 6 9 0 1 -8 3 6 4 -2 -9 9 10 -9 -3 7 -10 -6 -7 -1 2 -5 8 2 -8 -3 2 4 -8 1 4 4 10 7 4 -7 -8 -5 -7 2 3 -4 2 0 -8 0 0 9 5 -4 5 -7 -2 4 -9 7 -6 5 -6 10 -4 0 8 -9 9 2 -9 1 3 5 -4 -9 -4 -10 3 -2 -2 10 -5 -8 -6 -8 -2 2 -8 -1 4 3 6 -4 -2 -5 -9
-8 3 0 -1 -5 -4 1 3 5 5 7 -5 3 1 8 2 -10 7 9 -4 -8 8 9 -6 0 0 -10 -6 4 -6 5 0 -7 3 -2 6 -10 4 -6 10 4 10 8 -7 -9 -4 -4 3 7 -5 9 2 -4 1 -4 -4 8 -10 1 1 -10 -1 -1 6 -7 5 10 4 3 3 1 1 7 3 6 0 -7 -5 4 3 1 -5 7 9 -5 7 3 2 -1 3 10 -1 9 -7 -8 -7 -8 10 -10 9 3 -7 5 9 7 -7 10 4 6 8 -9 -1 3 -4 -3 4 7 2 -7 -4 5 -7 1 4 3 10 2 -10 1 -3 6 -1 -2 -2 -1 3 -3 -10 3 -9 -10 -10 -6 1 6 9 0 0 -5 8 3 -3
7 2 -4 9 10 2 -9 8 3 -6 10 2 -5 2 0 6 -5 3 -3 -7 -6 6 -7 10 8 2 10 -2 7 -5 0 -4 -8 -8 -10 3 -10 10 8 -6 -10 9 7 -8 8 2 -10 -6 4 10 10 1 -5 -3 10 -3 -1 -4 7 -3 2 -2 -9 -2 -8 -6 10 -10 10 8 -7 -7 4 9 -7 -7 -6 -1 -2 -5 -8 -8 5 1 -4 2 -7 5 -10 3 -8 5 10 -8 -4 3 2 0 10 4 -5 -5 -1 -10 -5 8 10 9 -9 -7 0 1 5 9 9 7 -10 -5 6 -2 -7 -4 9 -10 7 -10 6 6 -6 -4 1 -7 -4 -10 0 -6 -3 -8 -6 -2 -2 5 -4 -8 1 7 10 -1 4 5 3
6 2 -4 -2 -5 -4 -2 2 -7 8 8 -1 -5 -4 5 3 4 3 9 -2 0 9 -7 9 2 3 -4 8 1 1 10 -8 4 -5 -9 6 -2 8 3 -1 9 10 6 1 2 -10 -7 -5 0 3 -5 1 -3 -8 -4 1 1 -6 0 -7 -10 0 -10 0 -4 4 8 0 -3 7 -8 2 -1 9 -4 6 -4 -7 7 -2 9 -8 8 10 3 3 0 0 -4 -4 -9 5 5 -9 -2 3 -7 -7 4 -5 9 0 8 2 -3 8 -10 -1 -10 10 8 -10 4 -1 -6 2 -9 7 6 -9 0 10 -10 -8 5 -7 3 -1 -2 0 1 2 -8 7 0 5 9 -9 2 -1 4 5 10 -7 1 9 -7 -10 -3 -9
-10 -6 -7 0 3 -3 -5 -8 -4 1 7 -10 -9 -2 -9 -7 -9 -1 -8 -2 0 9 2 -2 -5 -6 8 4 -7 -6 0 -6 8 3 10 4 -7 6 6 -3 8 5 5 -2 0 5 -3 -8 -2 -1 -8 1 7 -3 10 -4 -8 -8 5 -9 -4 -10 -4 4 2 -4 5 -7 0 -4 8 6 6 0 -1 4 10 -6 6 -7 -6 -3 1 2 4 9 6 -4 2 -4 -8 -2 3 -5 -1 8 10 -7 -6 4 -7 -7 -3 -10 4 -5 -2 -10 5 6 4 1 -2 -7 7 -8 1 3 -4 -6 2 6 3 6 0 -9 4 -2 1 -7 -9 10 2 3 -4 -1 -4 2 -5 9 -2 6 9 5 6 3 -7 -9 10
-3 -7 -3 -7 -9 -9 8 -2 -3 -8 7 -7 -2 -3 9 2 2 2 -7 -3 -2 5 -4 -5 -4 1 10 -1 9 -1 -10 -7 -5 6 9 5 -1 -3 -5 0 -8 -5 -5 0 4 -6 -10 5 3 0 -10 -5 -2 -8 -5 -10 9 1 5 8 -10 5 -3 5 -7 -9 -10 8 -1 -3 6 6 -5 -6 -7 -7 -1 0 4 5 1 7 -2 5 -2 1 4 -10 1 -1 0 6 9 5 -7 -2 6 10 -10 -6 3 -3 -6 1 5 -10 -3 8 3 1 -4 -8 -4 2 10 -7 -2 10 7 4 6 -5 -2 1 0 2 8 3 -2 -1 -4 -9 8 6 0 9 -7 3 4 8 1 -1 -7 -10 5 -6 4 -6
6 -1 9 7 -5 -1 5 -1 -8 -1 -10 4 -9 -4 -1 8 -7 -9 5 -1 -10 3 1 -10 -9 -2 -6 1 -1 6 7 -6 -8 -2 -6 -4 3 8 -8 -1 -3 -9 5 1 -3 10 2 3 2 -7 -2 -1 9 -1 -5 8 3 0 8 -6 -4 -2 -6 3 7 -4 -1 -1 -8 -1 8 10 4 7 -5 2 3 -7 -6 6 4 0 6 1 4 1 3 4 3 3 4 -10 7 -10 3 -8 -6 9 -1 -3 8 6 1 -6 9 7 8 -1 -9 2 -6 2 -10 4 6 4 -9 -8 -9 -2 10 -7 0 9 -7 -1 8 5 0 -9 -7 8 6 -9 -4 6 -6 7 5 -6 -3 10 -6 -1 10 -1 -10
5 9 -4 -7 -8 -10 -6 9 -7 6 -7 -3 -4 -7 5 -10 6 4 2 -9 -7 -1 2 5 -5 -3 7 -2 9 4 9 -7 3 -6 10 -10 -5 -6 -3 -5 6 7 -4 5 5 -1 -1 -7 8 5 1 -2 2 2 -7 4 3 3 -6 -10 -1 4 -7 8 2 -10 8 -1 -9 10 10 9 4 -9 1 -6 4 4 -2 -10 -5 1 6 6 -4 1 6 2 6 -8 -5 10 -6 1 10 8 0 4 -6 -2 -1 2 -8 10 5 2 5 9 -5 8 6 6 -2 -6 0 8 8 1 8 9 2 -8 -9 -10 -5 -3 -7 -7 5 5 0 -3 -3 -7 -5 2 3 -8 -9 9 -2 -7 -9 -8 4 1
9 10 -10 -5 0 -7 4 2 -6 10 8 7 -4 -4 -2 5 4 -1 -3 -4 -5 3 6 -4 -8 8 -10 10 -7 -4 -9 -6 -10 1 3 8 7 -8 0 -5 10 6 5 -4 -4 8 5 6 1 1 9 7 -6 -8 4 3 10 2 -8 8 -8 -6 6 -1 -7 -7 5 -3 -9 9 7 0 -10 -3 -1 -2 2 1 -8 -5 -1 -8 7 8 -3 6 9 6 -1 2 9 -9 7 -7 8 5 -2 10 -10 -9 0 3 -2 -4 0 -9 -6 -4 7 0 -9 -3 5 -8 8 9 -9 1 -8 3 9 9 -8 7 5 -6 -2 -9 -7 -9 5 6 -3 10 1 3 5 -1 -3 -10 -9 -10 -4 7 9
2 -10 7 5 -9 2 2 -6 3 3 7 -6 -7 4 -7 9 1 1 -4 0 3 -9 -3 -3 -8 8 -10 -3 3 7 8 -9 -10 -3 -9 -8 -9 -6 4 -5 -1 -9 0 1 9 10 -3 -1 -6 9 2 5 -7 -8 -8 -2 7 -4 5 1 -3 4 -1 1 7 -1 10 -3 6 -2 0 7 6 -7 -9 1 3 9 5 -2 -8 -4 -6 6 -3 -1 7 -4 -7 1 -6 -9 -3 4 10 4 -7 -10 5 -9 -2 -2 8 2 -1 -8 -9 -2 9 2 5 -10 2 2 4 -9 -3 -4 2 -5 3 7 -9 -1 -9 7 1 -10 9 0 -2 8 -4 -10 0 9 3 3 -9 -7 7 2 -1 7
4 3 8 8 6 -2 -5 2 4 -3 -6 -10 -2 -2 -8 -3 7 -1 0 8 2 -9 9 -2 1 -2 -2 10 9 -10 -7 -1 8 0 -2 -5 4 4 -10 4 -10 4 -9 1 5 10 7 -4 3 -9 8 -8 -2 9 7 0 -8 4 -5 -2 -2 -2 5 -6 -3 10 -5 -6 9 10 -9 -3 -7 10 -9 -5 6 4 8 0 -9 7 -3 -9 -2 -2 -10 1 7 -9 9 -3 1 -7 -8 6 4 -7 6 -8 -3 -4 0 8 1 3 -8 10 3 -1 -6 -10 0 9 1 0 3 10 1 5 -1 9 -10 -5 1 -9 -1 -6 8 -10 -7 9 -4 0 6 6 8 1 -4 2 8 -9 -6
2 10 -8 -8 -3 8 6 8 10 7 3 7 -7 6 -9 9 5 6 6 4 0 -2 -4 8 -1 -3 0 -3 1 -3 4 0 -7 -3 4 3 1 -8 1 7 6 -8 1 10 5 9 -3 4 3 -3 8 -6 7 -3 3 8 -6 9 -2 -1 0 0 -7 -8 3 3 6 -6 8 5 10 -4 -5 4 -10 -5 -7 3 -2 7 5 -7 -6 -9 3 -10 -5 -8 -6 6 6 2 3 1 -6 2 7 -3 -1 -7 0 0 8 9 9 -7 -9 -8 1 4 3 10 4 3 -1 5 -6 -5 8 6 -8 -6 -10 8 8 1 10 4 2 0 4 -5 6 8 -2 -7 -3 -1 5 0 -9 8
6 6 8 6 3 -1 0 2 0 -5 -6 -9 -4 3 6 -2 8 9 0 -7 1 -1 -5 -7 -1 -2 5 4 -3 -5 -1 -2 9 -7 -3 -2 -6 -7 -4 7 6 -5 -10 9 -9 7 7 -4 -10 5 -10 1 -4 -1 8 3 4 6 -6 4 -1 -7 -7 4 3 5 -2 -8 -6 -2 -7 1 -8 -3 -8 0 -5 6 0 -2 4 10 6 -8 0 -9 3 -7 6 0 -4 7 10 -9 10 10 -10 -3 -6 8 2 -3 -4 -2 5 -6 5 -5 5 -1 -6 -4 10 -8 6 -4 -10 3 -8 5 7 9 -4 -5 -9 3 -2 9 2 10 8 -3 10 1 5 6 -5 -1 -3 -1 5
5 10 2 9 1 7 5 -1 -7 -3 -7 -1 3 4 0 -3 3 -7 -5 4 0 -7 1 2 -6 5 5 9 3 -3 -10 -1 -2 6 -4 3 -9 7 0 -2 0 3 2 4 3 2 -2 -9 -2 5 -3 0 10 -9 -1 4 3 -3 8 -5 7 -4 10 -7 9 9 0 -6 9 7 -10 -10 2 -8 0 1 7 -8 10 -9 6 -4 1 7 -4 -5 7 2 -3 -1 -5 1 0 3 -4 7 -3 -10 -9 -10 6 -7 6 2 5 -9 -5 -1 -1 -10 -3 10 -3 -9 -2 -7 2 10 2 -6 -2 -8 -8 -8 6 3 -10 -10 7 9 -6 -7 8 2 -4 9 -1 0 3 6
-10 -1 -2 4 -4 -7 -2 10 8 5 2 -1 3 -8 -3 3 7 -2 5 -1 7 6 -3 2 -10 5 2 1 7 -7 4 -3 8 -10 2 -3 4 1 5 8 -7 10 -1 0 -6 10 -8 -7 7 -5 -4 5 8 -3 -8 -6 2 9 5 6 8 -3 -9 5 -2 3 -1 0 -6 -9 0 8 9 3 -10 -2 -4 7 5 7 5 0 10 -3 0 4 5 6 7 -8 -7 3 -8 2 -6 -10 -5 6 -7 -5 -4 4 -7 -9 3 5 -5 10 6 5 -6 7 3 2 -10 -1 -7 3 -1 -2 6 0 9 1 8 10 -5 -6 -1 6 -4 9 1 6 9 -2 5 4 -4
0 -6 -5 6 5 -10 0 3 -5 -6 5 -8 -10 -1 -4 -4 -7 7 4 0 -7 -9 9 4 9 -5 -8 1 10 7 -3 1 10 -10 -4 -2 -1 3 8 -1 1 9 2 -2 7 7 10 -4 -8 8 -6 -7 -4 -2 -5 -2 8 -7 -6 6 8 10 2 0 8 8 9 -2 9 5 -4 -5 -10 -3 -4 -8 9 -6 -6 -5 5 -10 0 -8 -9 -6 6 4 3 5 0 -1 6 -7 -3 7 2 2 2 5 1 -1 6 0 6 -8 9 -4 -5 10 -2 -6 3 7 4 5 -2 -7 7 3 10 1 -5 -10 1 4 1 3 -4 9 7 -4 2 1 -5 -10 -4 4
1 6 -4 -10 8 -1 0 -7 1 -2 6 -10 9 -2 -9 10 -2 10 5 2 -9 -2 -2 10 -9 8 -10 5 9 10 4 5 -5 5 10 7 -7 -9 1 -10 9 -6 -5 -6 -8 3 -7 -9 4 10 -9 0 -7 7 -2 -4 10 9 -10 0 0 -5 8 1 6 -10 2 3 -9 -8 -4 6 -6 -2 -8 -5 4 -9 -2 9 -4 6 3 -5 10 -10 -1 -2 7 1 -7 0 4 8 -8 8 4 -8 -7 -8 -5 -8 -5 0 8 10 -10 -5 -10 -4 10 1 4 -8 -3 -1 10 -4 -6 -1 -9 2 -1 -5 -2 -6 8 0 3 -3 -4 -2 -4 -5 -1 -2 4
-2 -8 5 1 8 1 1 10 6 4 10 -5 -9 8 2 -6 7 8 -4 3 1 10 -1 -4 0 6 7 -2 -8 6 -4 -2 -4 4 -2 -9 -7 6 10 -5 5 -6 4 8 0 1 8 2 8 -9 0 -7 10 1 -10 -5 3 5 0 0 10 -7 -5 1 -1 -5 4 7 -5 -10 4 9 4 8 8 3 2 5 -3 -2 1 9 0 5 2 -1 -9 -3 6 -7 3 3 -2 8 2 8 -10 -5 6 -5 -1 9 6 -4 8 -6 -6 0 -9 -8 -1 -6 1 4 2 -5 4 -10 -6 -4 -5 -1 -1 -8 -5 -3 -4 3 -8 -3 -6 7 1 -10 5 -5
1 -7 5 7 2 -4 5 2 4 -3 -7 2 -6 0 -6 2 0 -1 3 9 2 7 -8 1 5 8 -10 -3 9 -5 -3 1 1 0 6 -10 9 9 2 -8 10 -3 -6 5 -4 -9 -4 -1 3 -8 0 2 10 -5 3 -6 -1 -1 2 5 -9 -2 3 -5 -5 2 6 -7 4 -8 1 -7 10 2 -10 -5 0 -6 8 6 2 4 -10 5 10 2 3 -9 -1 3 -2 10 -7 9 4 6 1 5 0 7 1 -7 -5 3 7 2 -8 -6 -10 0 8 -2 -4 6 9 4 3 -9 4 -1 -9 -7 5 4 1 -9 9 1 -2 3 0 -1 -10 7 -2
-5 -1 1 3 -10 4 0 -1 10 -9 9 -7 1 -9 7 2 -3 -5 -8 7 -7 -6 -6 10 5 3 -2 1 4 9 -3 6 8 4 -9 -8 0 1 -9 -6 9 10 -7 2 6 -8 0 10 -1 3 2 -10 -5 -2 10 -8 3 -7 -4 8 -2 -1 9 6 7 -3 -9 1 8 5 -4 3 -2 -5 -2 6 -9 9 2 -5 -1 -2 -10 3 -4 -10 3 -6 -2 -2 4 9 10 0 -7 -3 -3 -10 0 -3 -8 9 -1 9 4 8 3 10 9 0 7 2 5 7 -10 0 0 0 1 4 -6 4 5 -4 7 -5 2 -2 2 -9 8 -8 10 5
7 1 -8 -4 6 1 -1 -1 0 4 4 -10 -6 9 8 -5 9 1 8 3 3 -10 -1 7 5 -3 2 7 -6 2 9 -7 -7 2 -4 -4 -7 8 -1 -5 -5 2 7 3 1 -4 3 9 -2 0 1 10 -7 10 10 0 6 7 7 2 -3 2 5 4 -1 4 -5 -5 2 -1 -10 7 0 4 10 -5 -7 2 8 10 3 3 3 -4 10 -10 9 -3 -6 9 9 6 -8 9 8 3 -10 0 9 -3 -5 8 10 5 -8 1 -10 9 10 2 7 6 -4 -5 4 1 -3 -5 5 -4 0 -6 -1 -8 -10 -4 8 4 4 -3 9 4 -3
-5 4 6 10 -7 9 0 -5 -3 4 -8 -10 -9 3 6 5 2 -8 3 -2 7 -7 9 10 7 -10 4 5 -9 -1 2 -9 1 2 6 10 10 4 3 -7 -7 -6 -2 8 -7 -5 1 3 0 -6 -3 5 -4 -2 -7 0 10 -8 4 5 -3 -2 0 -1 4 0 4 -2 8 -2 9 -9 -6 -6 6 -1 -10 -3 1 8 1 -1 -1 -5 8 10 -1 5 4 -1 -6 -6 -6 9 -1 2 -2 10 -3 -10 -4 8 -1 -6 8 -10 -2 1 6 6 2 5 9 -5 1 10 -6 8 6 0 6 1 2 5 10 -5 6 5 -5 5 2 -10
-8 0 -3 -1 -4 -3 -6 -2 9 -7 10 -4 1 5 4 8 10 -10 6 -3 -4 1 -9 2 10 -7 0 6 -8 -2 7 7 7 -8 -9 4 8 6 -3 -3 -2 -5 10 -3 -3 4 -5 -9 9 -2 7 -2 -8 -4 -8 -6 6 -1 -9 -4 -3 -3 8 8 5 4 -7 7 -9 0 10 -8 -4 5 -7 4 -8 5 -4 -7 7 8 -4 9 5 -1 8 -10 8 3 -7 4 10 -4 8 10 9 4 -10 -2 3 9 -2 5 10 -5 0 6 5 6 -1 10 -1 -2 7 -3 0 -2 7 6 -1 10 4 -7 -5 5 -10 0 6 5 5
-5 -5 -8 3 -1 -7 4 0 10 7 -5 -4 -7 -3 -4 -1 6 -1 0 6 5 -7 -1 9 -4 8 -6 0 -5 -4 2 -5 -5 9 -5 0 6 5 10 9 3 -2 -3 -2 5 -1 1 -6 -1 0 1 0 4 -1 3 8 2 3 -10 2 -9 3 1 10 -6 4 -2 -10 -4 -4 -2 -1 1 -10 0 3 2 0 7 7 -4 -4 9 6 4 -2 -7 -8 -3 -5 0 5 8 5 -9 2 5 -3 -2 9 8 2 -9 -7 -9 10 0 -2 7 1 4 -1 -7 5 -6 -8 0 3 -6 -6 8 -1 8 -4 7 -8 4 -3 0 8
7 -2 7 6 -1 -10 -6 -8 0 1 4 -4 -5 0 4 -3 4 1 0 -4 -2 -2 9 -10 -6 -7 10 3 3 2 5 -9 6 -9 6 1 -10 8 3 -9 6 0 7 5 -1 8 0 10 -8 -8 8 -8 7 -7 7 -5 6 -8 8 4 9 10 -4 -8 3 -2 4 4 -6 10 0 -8 -5 10 8 0 4 6 3 -10 2 8 -1 -10 9 2 -10 -10 -3 0 3 -6 -2 -3 8 0 7 4 10 -4 8 1 8 -6 -4 -6 -4 -1 -5 -7 -10 7 9 -9 -6 7 1 -8 0 0 -3 -4 -4 -1 -5 3 -2 -3 -4
1 -10 -6 4 -7 2 -10 4 -4 2 -9 4 4 2 -4 -4 2 8 -7 -8 -5 6 8 6 -7 -5 -4 -7 5 9 1 0 3 -4 -4 -8 6 1 5 -2 6 -7 4 -10 -10 2 3 2 -7 1 1 -1 -8 3 10 -1 -3 -8 10 10 2 5 -10 -2 10 0 -9 -6 -3 -5 8 -10 -6 6 -6 -6 5 -9 -9 9 -4 -1 1 9 3 -5 3 -5 -5 6 -6 -5 1 -7 -5 -10 5 -4 -1 2 10 1 -2 9 0 -10 -10 0 -10 5 -9 -6 3 -9 7 2 9 6 -5 -5 -7 -10 1 -3 -8 3 -8 -7
5 4 3 7 4 -6 9 10 -10 -1 5 5 -2 -6 0 7 1 9 -7 5 5 8 -4 -6 -3 6 -6 -6 -3 -8 -7 2 -1 9 -7 -3 -3 -2 -5 -1 0 4 8 6 6 8 -2 -6 0 3 1 -6 8 -9 2 10 -9 -4 -5 -10 -6 10 -9 -3 -5 2 0 -10 8 5 5 1 -4 10 8 2 4 -4 4 9 -2 7 4 -7 -2 10 6 0 0 -5 -2 0 5 7 4 -7 0 6 -2 -8 1 3 10 -10 7 -6 -7 -3 4 -7 -7 7 -1 -6 1 -1 4 3 7 -8 6 -5 2 6 -4 -6 -3
-10 -4 1 6 9 -6 8 6 6 -9 7 1 7 -3 6 -5 1 -5 -7 -5 10 10 9 -3 -6 7 9 3 -4 -2 -9 2 -1 2 6 3 5 4 0 -6 -1 -10 -8 -2 7 -1 -4 9 9 -8 -9 3 -6 -6 5 -5 -3 2 -5 10 3 2 8 -4 -3 1 -8 -3 -2 -6 2 -7 8 -6 -4 4 -6 -2 0 -10 10 -7 6 -1 6 -7 10 9 5 -3 4 -1 -7 7 9 4 -6 -8 0 -2 -9 2 -2 -7 10 4 3 8 -5 5 -1 -3 6 -7 -8 9 9 1 -3 5 3 3 -9 10 -7 -2
-2 -2 10 6 0 3 -2 1 -8 -10 -7 5 -3 8 5 -3 8 3 -2 -7 5 7 9 8 2 9 6 2 -9 9 -7 8 10 -7 8 -7 -7 -3 1 8 9 3 2 -9 1 10 4 4 8 6 -9 2 10 3 -10 -4 8 -5 -10 10 0 -7 -1 3 -10 4 -2 1 1 1 -3 -2 4 -9 0 4 10 -2 -5 -4 7 7 10 0 2 1 -5 5 -8 0 1 9 7 -3 0 -1 -7 -8 10 2 0 9 5 10 -5 2 -4 -2 5 1 0 4 1 -5 -5 0 -10 -7 -4 8 -1 6 10 7 -1
7 7 -5 2 9 -8 -4 -8 -8 9 2 -2 -6 0 7 1 2 -6 2 -7 -1 9 8 -8 0 -3 4 -9 -3 7 -6 -2 -10 5 -3 -3 -3 -3 4 10 -4 -6 -10 -1 -3 -10 9 5 4 3 7 7 8 -4 3 -5 6 8 2 10 8 2 -2 1 -2 3 1 1 -3 0 7 1 -8 -6 0 -3 7 8 -6 -7 6 5 7 0 -7 9 -3 1 10 7 -3 4 -2 8 -9 4 9 4 5 8 3 -8 -5 -10 7 4 7 10 -9 1 5 -6 -8 1 -8 -2 8 -2 -10 9 5 3 -6 2
-4 4 -1 7 -1 0 -3 8 6 3 -6 7 8 0 -10 9 -9 1 8 -7 -8 9 -8 6 3 -5 -4 -3 9 -5 -5 -10 10 5 -7 0 -8 -7 2 8 2 3 2 5 -6 0 -5 -7 -1 1 -5 3 -2 5 -8 -5 -2 2 -4 -3 1 10 10 -8 0 4 -7 6 -2 -10 9 -9 7 -9 1 -7 -5 -10 6 -10 -10 0 2 -1 -10 8 8 1 -8 -5 -4 10 9 5 -5 7 -4 1 -7 -6 9 1 8 -5 4 -5 6 -6 4 -10 9 -9 7 -7 -1 -1 -7 1 -5 8 6 -5 -7
5 -4 9 -6 9 0 4 7 2 4 -7 7 -8 0 -3 1 -6 -3 5 -4 2 -9 1 -9 5 8 -7 6 -8 10 0 6 8 8 7 6 2 7 10 -4 -1 0 -6 4 -4 -1 10 3 2 3 2 -8 5 -10 5 -7 0 7 5 9 2 -1 5 -1 -9 6 -9 -4 -8 -1 8 8 7 -5 10 0 -9 7 -10 -9 -1 2 -4 1 7 -9 3 6 6 -5 6 1 -9 -4 -7 4 -5 -3 0 -8 -4 5 -4 8 10 9 -10 -9 2 -4 -7 -1 -10 -3 0 -5 2 -3 1 2 -9 -6
-6 9 -3 9 -2 3 8 10 -1 -4 10 -2 3 -10 3 3 2 -2 -4 5 -2 9 -10 10 2 -9 4 -6 -3 -8 10 -7 -7 -5 5 -8 -5 7 0 -5 -2 2 -1 7 -1 -1 8 -2 -7 -7 2 -4 -8 7 5 -4 -6 6 -9 5 5 -7 -7 -3 -9 2 -5 -8 -8 -3 3 9 1 4 -6 4 9 -9 6 -4 -4 0 -9 8 -10 -6 0 -2 -5 1 4 -4 10 -9 2 2 -6 -1 6 -8 -3 -5 10 -4 0 4 -10 4 -8 -3 9 6 -1 7 -5 -6 7 0 -9 -7 -8
3 6 7 -10 9 -5 0 1 -9 -6 -7 -3 -10 2 -10 8 -9 2 8 -7 -3 10 -9 8 7 -8 -10 10 5 8 10 2 -1 9 2 4 -3 5 9 -2 1 10 4 5 -6 4 7 1 -3 -6 -1 10 -5 2 -2 -5 1 -10 3 -1 -6 -9 4 3 7 -3 2 -6 10 1 -4 2 3 3 4 4 4 2 4 1 0 0 2 -6 6 -4 -3 -4 -4 8 -4 9 1 4 7 3 1 10 -1 -4 2 -6 5 -7 7 10 4 -1 9 3 -9 -4 -4 0 7 -5 2 6 3 -5
4 -10 -4 2 8 -5 -2 8 -6 10 2 8 -4 -6 3 0 4 -3 -6 5 0 9 9 6 10 -9 -7 -8 -8 -10 -10 -9 0 -8 0 1 -4 -6 -4 -1 -8 1 9 0 8 4 5 0 -5 -1 -1 -7 7 -5 -6 -5 3 -7 7 9 3 -5 7 7 10 5 -2 -3 -7 -6 4 -7 -9 -6 2 5 2 5 -5 -10 8 1 4 8 8 -5 4 -10 5 8 1 0 -8 1 -8 -5 -6 9 -1 2 -6 -7 -4 10 0 -1 -8 1 9 5 -10 9 8 3 -5 1 -2 -4 6
-2 6 -10 5 0 -5 -9 10 -3 -1 -2 4 3 0 -9 -2 4 -8 0 7 -9 -6 9 -10 8 -10 -1 2 -4 5 2 2 -9 -2 2 0 1 6 3 3 0 -6 1 -2 7 -4 5 -1 -2 -8 4 -8 0 6 -7 -10 -6 -7 -3 -8 -5 1 -8 -6 8 -3 -8 -8 -10 -10 0 9 -8 -6 8 10 4 10 0 -7 9 -7 -9 -6 -4 -8 -5 -8 -8 -10 3 -3 -4 -9 -8 2 0 10 6 -4 5 -4 5 9 -5 5 -1 8 -9 4 -5 6 -10 -8 -5 -4 -2 -6
7 8 -4 -7 -8 -4 -5 0 -3 -5 2 10 8 -1 9 3 6 10 -1 -4 3 -2 1 -3 6 -10 10 -2 -1 -5 -8 -9 -8 5 1 -9 9 3 -8 4 -10 -8 0 8 1 9 -8 8 -2 0 4 1 5 1 5 -1 5 0 7 -4 -3 8 -5 -9 1 3 4 4 0 2 4 4 4 -6 -6 2 3 -10 -6 0 2 10 -6 2 1 -10 3 -5 -6 8 -5 -4 -7 -10 2 5 -6 -2 0 -4 -10 5 2 -5 -1 7 -2 -3 -4 5 9 5 3 3 -5 5 -9
1 -7 -8 0 5 9 -1 -6 -3 6 5 -4 3 5 -10 -1 10 -5 0 10 -1 9 3 9 -7 9 -6 6 -1 0 1 -6 1 8 5 -8 -10 4 1 3 -3 -4 0 -3 0 10 5 -2 7 0 8 0 -4 -6 0 10 8 -3 8 9 -3 -3 5 8 5 -10 0 6 -7 2 -6 9 0 -8 6 5 4 9 -2 -8 4 2 -4 -2 -6 1 -9 5 -3 -3 10 -10 0 1 9 5 7 -6 -2 0 5 0 9 7 -4 10 -4 9 9 -7 -1 -9 -4 6 6 -1
-3 2 3 -10 -1 -2 -4 -6 -1 -10 -10 10 10 3 -8 1 4 -6 4 10 2 7 -5 9 4 0 -7 -2 4 -2 -4 9 4 -1 -5 8 -6 0 -10 -7 -9 0 7 5 1 -6 0 2 7 -10 10 3 10 0 2 -5 0 9 -9 10 -1 0 8 8 -9 6 -9 -6 5 -8 -8 -6 -6 -7 6 -5 -3 -8 1 1 0 -8 3 0 -8 5 2 7 -9 6 3 10 2 -6 7 -8 -4 4 -5 -7 -2 -3 -3 -9 10 7 -10 -9 10 -3 5 -9 -9 -3 -3
-6 -6 6 0 0 2 10 2 -10 6 -1 5 -10 3 7 -8 -9 -4 8 -9 -4 -3 8 5 -10 1 -8 8 1 6 -5 2 -4 -6 7 -10 10 9 -1 -2 7 1 6 2 -5 -4 9 -2 0 -4 0 -2 2 -7 10 -1 4 -10 4 9 10 6 2 -4 -5 -7 -9 2 -7 -4 -4 8 -1 -4 8 -1 1 4 -9 10 10 -3 8 -2 -4 6 -10 -1 -10 -4 -5 0 -4 5 2 0 4 2 9 -5 5 5 7 9 -1 -3 -8 9 -7 -10 -10 9 -9 -10
-2 -10 -1 4 2 8 -5 -7 -9 1 -4 10 -4 3 1 -8 -2 3 10 -10 -1 -9 -7 -1 -6 -2 4 -4 -7 10 -10 5 -5 -10 -7 -8 -3 4 8 7 -2 -2 -10 8 5 -8 -6 -4 -8 2 2 -10 -9 5 3 4 3 -5 -10 8 -9 -8 -2 -1 5 -4 -2 -10 -2 -4 -3 4 -10 10 -9 8 3 7 5 -3 -9 -1 1 -8 9 1 4 5 7 -5 1 1 7 7 -6 0 10 1 3 -5 8 2 1 4 1 -1 -6 5 7 3 1 3 -8
9 -2 -6 0 1 10 4 4 7 -5 -9 0 6 10 -6 9 0 7 10 -5 8 -6 -4 2 -8 3 -7 6 7 -9 6 -7 8 -10 -2 7 -5 -3 0 5 -7 0 1 7 2 6 2 -3 8 1 3 -7 -3 10 10 4 -6 -4 -10 6 -7 5 -6 -8 -1 -3 2 -1 -4 7 10 -7 -4 -10 -10 -10 -1 -7 -4 -5 -8 -8 -2 4 -7 3 1 2 -10 9 -1 0 2 1 -4 -1 3 9 8 5 10 9 8 -9 5 -9 5 0 1 -10 -2 5
2 7 -7 3 8 9 1 5 -10 2 -9 5 -8 5 -2 7 -8 -8 -3 10 -7 4 2 0 -3 9 5 -9 0 -1 7 4 -4 9 3 -7 -10 -6 8 -10 6 4 -8 6 -5 4 -2 8 2 7 10 -9 -2 8 -7 6 5 -5 4 -1 -5 -9 -1 9 0 3 -7 -6 -8 -4 5 5 -3 -10 2 10 -5 2 -9 -1 -5 -3 0 8 5 -3 4 -7 -7 -5 -6 -6 9 8 -10 4 5 1 3 -10 6 1 10 7 -7 3 5 -9 -2 3 7
3 -8 -8 -8 -2 1 5 2 6 -3 -6 -7 -10 -5 -8 8 -5 -4 4 7 1 7 -2 5 -8 -5 8 3 -7 7 -9 -3 -4 -6 -1 -6 2 -10 1 -9 6 -10 -7 6 -2 8 6 -10 -1 -6 0 -3 5 -4 -4 5 5 5 -4 -7 -5 2 7 10 10 7 -8 -6 -6 6 -6 -8 5 6 -8 8 -5 -3 10 3 10 1 -3 -2 3 -9 3 -9 0 2 -10 -4 1 2 4 9 -3 -6 5 9 6 3 10 10 -5 -3 9 6 -1 5
-8 3 9 -10 3 -8 7 -8 -6 10 -9 1 -2 2 -2 4 10 0 -1 7 9 0 -1 5 6 5 2 8 7 9 9 8 -6 5 0 -8 5 0 7 6 9 10 -8 -2 10 -2 -2 -1 9 6 -3 0 0 -3 8 -4 1 -1 -4 0 6 3 -2 -2 9 3 -4 9 -6 -1 -4 1 7 7 0 -4 4 8 6 -5 -7 -1 10 -3 -4 9 10 0 -5 10 5 1 -3 2 5 -2 8 4 7 0 -6 -2 9 -8 -2 -7 2 7 2
-10 -8 -4 -2 5 4 7 8 -2 6 8 3 -4 -2 -9 3 10 5 9 -7 5 3 2 0 -7 -6 -5 -7 1 -9 -9 -8 -2 -7 7 7 -2 -6 -7 3 -4 -9 8 -9 -10 -7 0 9 -2 -1 3 -3 -3 -3 9 9 8 -2 7 1 -3 -6 -10 7 8 0 -3 -5 2 -4 7 9 -10 -5 -8 8 9 -2 5 -7 -7 -3 3 -3 -3 4 9 -5 -5 -3 -2 -7 -10 -3 -1 3 8 9 2 4 -4 -3 -7 -8 3 4 4 -6
2 9 2 -10 7 -2 -4 5 3 6 0 0 -10 5 6 9 2 4 9 -4 1 -6 -8 9 2 -5 2 -4 -4 0 1 2 -2 -3 -1 -3 2 9 5 -10 8 -3 10 -8 4 -10 2 8 1 1 2 -10 5 3 4 3 -8 3 -2 1 -3 -2 1 -2 5 -5 -5 -3 8 10 6 9 6 -4 -9 2 1 -9 -3 -8 -5 -8 9 7 -9 -2 -8 6 -2 4 -6 -1 -6 3 -2 -5 -3 3 -1 -5 6 -8 -3 -8 9 -9 8
10 -5 -1 7 5 3 -5 -3 -10 -4 9 -8 -8 -7 -2 -5 7 -7 4 7 1 -5 -6 7 -5 -3 -10 0 -5 -2 6 -10 6 6 -9 2 -6 -5 -9 5 -6 -6 -3 9 1 8 -2 4 -3 4 -5 -7 -3 -5 10 9 -9 -8 2 -6 -10 -1 4 6 5 2 7 7 2 6 4 10 6 1 9 8 2 -2 6 3 -5 6 5 -6 -9 -4 -8 9 1 -1 -7 9 3 2 2 -1 1 -10 0 5 -4 -10 -4 3 10 -6
4 8 -6 10 -1 2 -3 -6 -10 -3 4 -2 5 2 4 4 1 -4 4 -6 3 -9 -3 -6 10 -7 -1 1 -9 1 4 2 10 3 -8 9 -1 1 6 7 5 -9 5 -8 1 0 -4 -1 6 -5 -10 -7 -6 7 -2 -9 -10 6 -4 10 6 1 -10 4 2 0 9 4 1 9 0 -1 1 -9 6 8 -7 4 5 3 6 -9 7 8 6 -8 -6 2 0 4 10 -2 -6 -6 -4 -8 9 2 -2 2 -3 -9 -9 -1 -10
-6 -4 3 8 -4 3 -6 3 7 8 -2 -4 -10 -8 -5 -9 -2 5 -8 -3 4 -5 5 -7 -8 4 0 9 1 5 -2 8 7 7 0 10 0 6 -6 8 6 -2 9 -3 -3 -10 3 5 -2 0 6 -1 5 2 -9 8 -1 -2 -7 -6 7 -3 -3 -3 4 -6 -7 7 6 1 3 2 3 8 0 -1 -8 -3 -5 9 5 -8 0 -9 3 2 3 -6 3 5 -10 0 1 -7 -1 -3 5 5 2 8 -4 2 3 -3
-1 -3 9 -5 0 -5 9 0 8 2 -8 -7 -8 -8 -10 -6 7 3 5 -8 10 -6 -9 -10 5 -5 -9 -6 -1 1 1 8 -8 -9 -5 -1 0 -7 -9 8 -8 -9 9 -10 -4 -5 2 5 -7 -2 8 -1 9 6 -8 9 -1 -6 -8 4 9 -2 -5 10 6 -7 5 9 -3 -1 -9 2 0 -5 5 4 1 6 -1 -1 10 2 3 -3 -1 0 -4 -3 4 -6 -6 -9 -8 -9 8 -7 -6 -7 4 -6 -6 -8 -1
0 0 8 -3 5 3 3 -7 10 7 8 -1 -4 5 10 -9 1 -5 2 -4 1 -8 -9 -9 -2 2 -5 5 4 2 0 4 -6 0 3 0 8 -5 -10 -5 -2 3 -8 5 0 -6 -9 -6 -3 6 9 5 -2 -4 -5 3 -9 -10 10 1 0 9 1 0 -10 -7 5 6 -4 -4 -6 0 6 -2 6 2 6 8 9 9 -4 3 -9 4 8 7 -1 7 4 -9 -1 0 -10 3 8 10 -8 5 3 4 9 8
-3 0 8 -3 4 -2 -1 10 -9 -3 8 -2 2 -2 -10 6 -3 -9 -3 4 -3 2 -10 3 -9 -8 -2 7 7 3 -10 6 10 -1 9 -9 5 8 -4 7 7 -1 -7 -3 2 7 0 -5 7 10 -4 -10 3 -8 0 10 -3 5 -10 -7 -6 -2 -5 -1 -2 3 -5 3 -4 -5 1 -7 -1 -1 7 7 10 -8 -8 -6 -7 -10 -3 -8 -2 -5 -7 4 0 -7 6 7 4 6 -7 5 9 -2 -8 1 -8
1 -5 2 -4 7 -2 -10 9 -8 -8 -5 -6 0 -5 6 7 -4 5 10 1 -10 0 2 3 -7 6 2 -4 -5 -4 9 10 5 8 -8 -3 5 7 4 2 0 10 1 -4 -9 -9 4 -4 -10 8 1 -10 1 10 0 3 -10 0 4 -8 -6 -7 9 6 7 -7 8 -6 5 5 7 7 0 -7 9 -9 10 0 -3 -1 7 3 -1 -9 -7 -9 -1 -6 -2 2 -6 -2 0 3 -8 6 1 -8 5 -1
-1 3 -10 -10 -1 0 -5 -8 -6 6 9 9 -7 1 -7 -7 -2 0 0 -7 -5 8 -4 8 -8 -3 -9 -2 -1 7 7 -8 7 8 7 -1 7 -1 -7 2 -9 -1 3 -8 0 -2 -9 -6 -8 -7 8 -10 -7 5 -9 5 1 2 7 -7 -2 -5 8 7 -3 -8 0 -5 -5 10 8 -7 10 -10 5 -4 -6 -5 6 -3 3 -10 6 -2 8 -4 5 7 -3 -9 3 -4 9 2 -4 6 -1 1 -6
2 8 3 8 -1 -2 -3 9 -7 3 -2 10 9 5 -10 -7 2 8 -4 -2 -6 8 -5 10 8 -7 -3 -6 -9 -3 -3 -9 -8 2 -6 -4 -2 -7 8 -10 10 -4 -7 -10 3 -7 0 -4 4 -6 -6 10 -7 1 0 3 2 6 -2 4 -4 10 -6 -4 2 1 -4 -3 5 5 -2 3 -9 -2 -10 3 4 -5 -9 -9 4 6 -1 -4 3 -7 -1 -6 -1 -2 -5 3 -10 5 6 -8 8 4
1 -1 10 -3 4 -4 -2 5 2 -2 -5 5 -3 4 -6 -10 -3 10 5 2 -3 7 6 10 -6 -7 -2 1 6 -2 -7 -2 6 -1 2 -10 -8 8 -7 -3 -1 -2 -3 7 9 8 6 -5 10 5 6 -10 -6 -10 0 7 3 8 0 -10 5 -4 -5 -7 -1 3 -2 -2 8 -4 10 2 9 8 8 1 -7 2 5 9 -4 -3 0 -9 0 1 5 -3 7 0 5 -3 3 7 -10 -8 -7
8 -6 -3 3 -9 -4 4 3 7 -8 -7 7 4 -6 -3 -4 -4 1 -7 -9 -2 -10 8 3 -7 -2 10 8 4 -4 -8 0 -3 9 -7 -8 -2 9 7 10 -3 -9 5 -2 7 -5 -10 5 -4 3 0 -7 -8 6 8 -3 8 -2 -10 3 1 1 4 7 -5 -10 -7 10 8 -10 -2 -4 -5 -5 -3 -9 -5 -4 -4 -4 -6 -1 4 -9 4 -3 9 -6 -9 -7 -4 1 10 -1 3 -6
-8 -5 5 2 -10 -5 1 -9 7 -5 3 -7 -8 -5 -4 -8 -6 3 -7 3 -3 -5 -2 6 7 6 8 8 0 4 -5 9 7 8 -4 4 3 -5 9 4 -2 0 -2 9 -4 -10 -4 2 -1 2 7 4 -8 8 -7 -6 -9 -3 7 -7 7 5 2 10 8 -6 -9 6 -5 7 -3 -6 -3 -9 6 9 7 -8 -3 7 7 -8 0 6 7 -8 -2 -2 0 7 -6 -5 -9 3 5
-4 -6 -3 10 -8 6 -6 9 4 -8 3 10 7 -8 0 4 -5 -2 0 -10 -9 -10 -10 -10 -10 -8 0 -5 10 8 -8 -8 -4 5 -7 4 7 10 1 -9 10 9 -10 -6 1 0 2 -7 6 10 -1 -1 -2 -5 -8 7 -6 9 8 7 5 -1 5 6 -8 -6 -5 -1 6 9 -9 0 2 5 -9 6 3 4 -10 -9 9 -9 -10 -2 -3 2 1 10 0 -8 1 6 -2 6
-6 2 2 8 -7 -3 3 -6 -2 6 -3 0 1 -9 1 -1 -5 8 2 -9 7 -9 10 5 -9 3 -4 -3 3 9 9 7 4 9 1 -10 9 10 6 -5 -6 -8 -9 -2 -9 -7 2 -2 6 -7 7 6 -10 -2 10 -2 10 -5 7 5 5 -3 6 -4 2 -4 6 10 -8 2 -2 -3 -6 -8 -6 2 9 -1 -5 6 8 10 -1 3 -1 -5 -10 -3 3 -6 1 6 3
-4 -7 -1 -2 -8 4 -9 2 -1 10 2 -5 1 1 -1 -9 -5 2 -3 1 0 7 -5 -1 -4 -10 -8 5 2 -1 3 -2 -1 6 8 6 6 -10 -3 -7 1 -3 7 6 6 -5 -2 0 -6 4 9 -9 0 -9 -1 10 -9 -1 -3 -4 -4 -4 1 -4 6 -2 8 0 -7 2 -3 -6 -7 -8 -7 9 4 6 4 -7 7 -9 9 -4 -3 8 -8 10 -4 5 -4 -6
2 10 0 -3 -9 3 -9 -8 -8 9 6 5 0 2 -7 4 6 3 7 6 -10 -10 -5 -4 -10 -10 8 -7 0 3 -7 7 -6 9 6 -10 -3 2 0 5 10 5 -2 -1 9 -7 3 -10 9 -4 2 1 9 1 -6 -9 -8 -1 9 -8 -7 6 10 8 -1 -7 7 -1 -3 -3 2 6 5 0 -10 8 -6 3 -4 -5 -5 -4 9 9 6 -6 -8 -3 4 -2 0
0 3 -8 -8 -2 -9 -1 -6 6 7 3 -9 1 10 -10 0 -3 5 2 3 3 -9 6 -7 -7 -6 3 -10 -9 -4 -9 6 -4 1 2 2 9 -8 -10 2 -6 4 -8 0 -4 -7 -5 -4 -2 0 1 -9 3 6 7 -5 3 8 -7 5 10 5 3 7 10 -6 9 -4 6 -2 -1 -9 -7 -3 -1 7 -10 6 4 -4 0 -1 -3 5 7 6 -6 3 -9 -4
-3 10 1 9 -7 -9 -7 1 4 -10 9 -9 6 1 8 8 -8 -1 -1 8 -5 -10 4 -2 8 -5 2 9 8 9 10 3 9 8 2 -1 7 10 9 9 4 -8 6 -1 -6 7 1 8 2 10 8 -3 -6 0 8 -7 -1 -10 6 -1 8 9 -4 -5 -4 -7 -5 -3 -1 -6 3 2 8 7 -9 3 9 -10 7 5 -6 2 10 -7 4 3 -10 10 4
-5 -4 -1 7 -3 6 9 -3 0 9 1 10 -3 6 -6 7 -10 -1 -10 1 3 -7 -6 8 9 3 0 -10 7 -6 2 8 1 7 -6 3 -2 -8 7 2 8 2 1 3 10 -8 -4 -10 7 5 3 -7 -6 -4 6 0 8 0 -7 -2 -4 -2 2 7 -6 -3 8 -1 6 -2 10 -9 -10 -5 5 -3 -10 -10 6 3 9 2 2 -8 -9 -7 2 6
-4 -8 -8 -4 9 0 -10 -9 -8 2 6 -9 9 10 -2 -8 -1 10 9 -8 0 -9 4 3 -5 10 6 -4 8 4 10 3 10 -6 -9 1 -3 10 -2 -2 -10 5 4 4 9 -1 2 -5 -9 4 -6 2 3 -6 9 -6 1 -10 7 -8 5 10 5 2 -9 -5 8 9 -8 -2 -10 2 6 7 -2 -8 -4 -4 -4 4 -3 -8 -6 0 1 -5 -4
1 2 -7 4 7 -8 4 -10 -4 -5 -7 -8 9 -5 -10 2 -7 -3 3 -3 6 0 -6 4 5 7 8 1 2 -7 -4 -4 4 -8 7 -1 -1 -2 8 -9 -5 8 0 -9 -6 2 -1 6 -9 -7 3 -2 -1 -9 -3 4 -4 -2 -7 2 5 7 -7 -6 4 5 6 -5 -5 -8 -10 -5 10 -8 5 8 7 -5 -7 10 -4 -2 6 3 -5 8
7 0 5 9 4 -3 3 -3 7 -3 -7 6 -5 7 0 3 -10 0 -3 8 4 -10 5 8 7 10 3 2 -7 4 5 -9 2 5 -3 2 6 -6 -10 1 -10 2 7 -6 -8 -5 -5 -3 10 1 0 -5 -8 2 1 -10 0 7 4 -7 -2 2 8 -6 -8 6 10 -5 -8 8 -6 0 8 2 4 9 -9 7 8 7 -2 -3 3 9 9
7 -1 7 -10 -5 -6 -9 0 -9 9 -3 7 3 9 -2 6 -1 10 -6 -1 9 0 9 6 7 10 -8 10 -8 -1 1 4 10 7 6 4 -9 10 4 -8 1 -5 -3 7 2 4 2 5 -4 7 -5 -10 9 4 -2 2 -8 9 -8 10 4 5 9 7 5 2 7 -6 9 8 3 6 5 -6 -6 0 6 8 -4 5 -9 10 7 0
6 -10 2 10 -5 10 -3 1 -9 -2 -10 1 2 2 9 0 4 8 -9 -10 -7 -5 -2 7 -5 0 1 -2 -2 -5 6 2 4 8 2 -4 -6 1 9 -1 -5 10 -3 10 -6 7 8 -2 2 -3 -4 7 8 -7 0 2 -5 -2 -8 0 -5 7 0 5 -5 0 2 -5 8 -5 2 8 -3 -3 0 6 9 1 -7 -3 6 -7 7
2 1 1 -10 10 5 6 -2 2 7 0 -10 9 0 5 -1 -2 -3 -10 -4 -1 10 9 -7 6 8 -8 -7 5 9 5 -5 -9 -4 6 0 8 -3 -2 -9 -8 1 -4 2 -1 -8 0 -1 4 -7 0 0 -4 -7 -4 -5 1 9 -4 3 5 6 -7 -3 3 4 0 -9 -10 9 -2 -6 10 -7 -1 -8 -9 1 -5 4 2 9
6 -7 8 6 5 7 -9 9 -6 5 -10 -2 1 -6 -3 6 6 7 1 2 -5 -6 0 7 3 3 -9 0 8 6 3 4 7 4 -2 -1 -5 -6 5 0 6 0 -2 7 10 0 8 3 1 0 9 -1 -5 6 -6 -1 9 -7 -8 3 0 -10 -6 -10 -9 -9 -6 -1 1 10 -3 8 10 -3 -8 -3 -6 10 -7 0 0
-8 -4 -10 0 0 5 -9 6 -4 10 10 3 7 -5 -7 -1 -1 -1 6 6 9 2 2 8 9 5 -6 5 -3 3 4 10 4 -1 10 3 -6 -10 -6 1 6 -5 1 -1 -4 -8 6 -4 -5 7 -7 -6 -4 -8 -6 -4 9 -6 10 -10 10 -1 9 -8 -9 2 -10 -8 6 -3 3 -2 5 -5 -4 7 4 1 -10 7
-5 5 2 6 -8 4 -5 -5 1 5 4 0 -2 1 7 10 -2 5 -6 2 -6 8 -9 0 -6 9 -8 6 4 2 7 -3 -7 2 -9 7 -5 4 -7 10 5 -5 -8 4 -4 -4 4 -4 8 10 8 -5 -10 0 -5 -5 -6 8 8 9 -4 3 -5 -7 3 0 8 -8 10 -1 -3 7 7 -6 -3 -5 0 10 1
-3 8 7 -4 0 7 -1 -2 3 -7 5 10 4 5 -3 -5 2 -1 -3 -10 8 0 -2 -2 8 5 9 -7 -5 4 9 8 4 -10 -5 8 -5 4 -8 -5 -9 0 -3 9 4 6 5 -7 -4 5 0 -6 8 7 6 -3 -6 -6 -10 -7 -6 1 2 -9 7 -4 -5 -9 -9 -2 7 5 9 4 6 6 6 8
4 1 -4 1 6 1 -5 -3 10 7 2 -9 -9 -4 -10 -2 -1 -3 2 10 -8 8 8 0 -7 4 -8 1 -5 -4 8 -8 -10 -6 10 8 -5 8 1 -10 -8 -1 -4 5 -2 10 6 -4 -9 9 -4 -10 8 3 5 -8 -4 8 5 -8 9 -7 -6 2 -9 10 -6 -6 -7 -4 -5 -7 4 3 4 -6 -9
-7 9 -8 -7 -7 2 2 -7 -6 -5 -9 -7 9 -9 4 -6 0 6 4 -3 -4 9 -4 -9 -1 8 -4 3 2 0 -4 7 -10 -5 4 10 -1 6 -7 -6 -1 -5 -7 -8 -1 -10 7 2 10 6 -6 0 -10 8 0 -6 -6 9 -1 2 -6 -10 8 -4 1 1 2 -8 10 -10 -4 8 9 1 -6 8
5 -10 -7 -3 4 -7 -6 -2 -4 3 1 7 0 7 1 2 -1 -6 -4 -10 -2 -8 -6 -10 -6 5 -9 3 -7 1 9 -5 5 -3 7 5 -2 -9 -5 9 9 -9 4 -8 3 3 8 -10 3 -3 -6 -6 -1 6 10 -7 0 0 -2 -5 10 10 -10 -3 -1 -9 -3 -9 -7 -10 9 1 2 5 8
10 4 1 3 -1 9 -8 1 4 8 1 1 -1 3 -5 -3 -2 5 -7 -6 -2 4 3 -10 -7 -9 7 -9 -7 6 -7 -9 -4 -10 3 7 -3 -7 4 2 -2 -8 5 -5 3 6 -9 7 -10 6 -7 1 4 -7 -6 8 -10 -7 0 -9 4 -8 -4 6 -9 3 4 -7 -3 -9 4 -3 0 -8
-9 -1 1 6 -2 5 -1 -4 2 -5 -7 -4 -10 -10 8 3 -5 1 7 6 1 4 3 3 9 -2 5 -10 -4 -7 7 -10 0 -4 -4 9 2 -5 4 -2 3 2 3 -6 -8 1 8 -8 6 -3 -6 5 -10 -9 -9 -2 2 3 3 -7 -1 0 10 8 -10 -8 -7 -9 4 8 5 4 -7
-2 -9 -10 10 -2 8 -3 7 7 -8 8 10 -2 8 -10 0 -3 -8 0 -5 -9 -2 9 9 6 -9 8 -1 10 9 5 2 9 6 5 10 -3 10 -8 -4 4 8 4 -7 3 2 9 7 -1 -7 3 2 -7 -6 -4 5 -1 -9 5 5 8 -2 -3 -3 -5 0 3 -5 -4 6 8 9
-1 8 8 -7 9 4 -10 -8 -2 -5 3 -6 -10 -4 4 -9 6 4 7 -5 -7 -8 3 -9 -5 -10 10 10 -2 -7 7 -8 -3 1 9 8 6 9 6 8 4 -6 -7 -8 4 -10 7 6 10 8 -1 6 -10 -8 7 2 -2 -1 7 -6 -5 -7 4 1 6 6 -3 8 4 6 1
4 -10 7 -5 -9 -10 -2 7 -9 3 5 0 5 -8 -5 -4 2 8 -8 -1 9 2 -8 10 -8 -5 6 5 8 -2 -5 9 3 7 6 -6 4 2 8 5 10 -9 -2 -9 8 1 -3 -7 -2 -8 8 3 -7 1 3 -9 5 7 10 -3 -5 5 -1 7 7 -3 0 2 1 -7
4 8 10 2 -5 -1 10 -9 9 3 10 -1 9 2 2 7 -3 -2 9 3 -10 -2 4 6 -1 -6 -8 4 -10 -6 7 0 -7 2 -6 -5 1 8 -3 10 3 -2 7 7 -6 -10 6 8 -3 -2 7 2 7 6 -3 9 -9 3 -6 -2 2 5 -6 6 4 9 8 -8 3
-10 9 -8 -8 -1 -8 -4 -7 8 -3 1 9 10 -5 -4 3 -7 -3 -4 5 3 -10 0 -5 -3 -9 -2 0 7 6 -7 2 0 -10 -5 1 -2 -1 5 -6 -2 -7 9 -7 3 0 10 -9 -4 -1 -2 -10 8 3 2 -8 5 5 -8 6 -6 -2 9 7 8 7 10 -9
7 7 -10 2 4 7 -6 -7 -2 -8 4 -2 3 6 -7 -3 0 9 -5 2 10 2 -2 7 3 9 7 9 -3 8 2 9 7 4 -1 6 2 8 -1 -8 0 0 8 -2 0 -9 -7 -7 9 -6 9 -5 -9 5 1 -3 2 -9 1 -7 -8 5 -8 3 -9 -3 9
7 7 2 -4 3 0 -3 3 10 -6 -7 6 8 -2 0 1 9 -9 2 5 -10 -9 -10 9 10 10 8 -1 -6 -1 6 8 -2 -5 -9 -1 2 2 -2 7 9 3 3 5 3 -9 0 3 -2 -5 -10 -1 0 3 1 5 4 0 7 -10 8 4 -1 0 -3 -4
6 9 -10 3 -6 -3 1 -2 2 2 -6 10 -5 3 0 -1 -9 -7 2 10 0 9 9 1 -3 -9 -10 3 -5 -5 -7 -5 -6 -1 -5 4 3 5 5 -1 2 -6 0 9 -8 2 -10 -7 -8 -5 -2 -7 -8 1 6 -2 7 6 10 2 -9 -10 7 -10 -7
5 8 6 2 5 5 7 -6 -4 -8 -5 8 9 1 4 -10 -2 4 -6 3 -2 -5 10 3 -8 -6 -7 -5 -9 -4 6 -2 -3 5 0 -3 3 1 8 2 7 -9 4 7 1 10 -5 1 -2 6 -5 -1 -6 -7 7 -3 6 0 -2 1 -2 -9 -9 3
-2 -1 10 1 -1 10 4 0 -6 -4 -8 -7 -6 -4 -6 4 -1 7 9 5 9 -8 4 4 2 -4 -3 -1 10 10 -5 5 -5 -10 -4 7 7 2 -5 -8 5 1 -10 10 7 -9 -8 9 2 -3 -9 -2 0 10 -4 -9 2 9 -3 0 7 6 -6
-2 9 -3 0 -3 -1 -10 -9 10 -7 6 -8 2 4 5 6 -1 6 -8 3 1 -5 -2 -2 -2 1 -2 -2 3 -9 7 -4 7 1 -8 5 9 9 -4 4 7 -7 -10 10 10 0 -3 10 9 -7 -6 7 4 6 6 -2 7 2 9 8 8 3
8 6 6 -6 9 -9 -1 0 5 8 -6 5 -7 -2 4 -6 -2 2 -3 -9 -8 9 7 2 -2 -5 -2 -6 -4 7 10 -3 8 4 -5 6 -3 -3 8 -7 -6 -7 10 7 5 -10 2 -5 8 -4 -5 6 6 -9 8 7 -4 -5 -6 -7 -9
-7 -10 -5 -3 -5 -10 -10 -8 6 2 4 3 2 -7 -9 -10 6 10 9 7 5 2 -7 -10 7 -8 -1 -4 1 2 -8 -1 -9 -3 7 -1 0 10 -3 10 -8 8 6 -9 5 -2 3 7 10 -6 -4 0 -1 3 8 0 -7 -9 -10 -4
-10 4 2 -5 -10 1 -2 0 8 2 4 -8 0 -10 -9 3 3 2 3 -2 -8 -8 -10 10 2 1 -1 -8 -8 -3 -1 -10 4 7 0 -7 2 9 8 -2 9 5 -9 6 9 -10 1 7 -4 3 3 7 -4 -1 7 -6 2 7 8
8 9 2 -5 2 9 4 -10 6 -3 7 3 7 7 6 10 8 -7 5 6 10 5 9 -8 1 -10 1 8 3 -5 1 4 -8 8 4 2 -10 9 -3 -6 -10 -8 -6 3 1 4 10 6 8 7 -5 2 -10 -1 -8 7 -10 8
1 -6 -8 4 1 0 6 0 -7 4 5 4 -1 -8 -6 5 -1 2 9 -5 -8 -7 7 10 7 -6 -2 -8 9 8 2 -6 3 -2 -5 -5 -6 9 5 0 6 8 -8 4 -9 -2 1 -2 -6 -7 7 1 -1 1 5 -9 0
3 6 -6 -10 8 -6 -6 1 5 -10 8 -10 -9 -8 10 2 -3 0 3 -2 -9 4 -5 -4 -6 -2 5 -5 6 -5 7 9 0 -2 -10 -9 -8 5 6 10 6 -5 -5 -2 4 -3 -8 -6 3 -8 2 7 1 -10 5 -8
-9 1 7 10 -9 -8 -7 8 1 -10 9 -5 4 -7 -8 0 -5 3 -8 -9 1 -3 4 -9 8 -6 -4 -9 -9 4 -8 3 8 0 -10 -10 5 -2 10 -8 6 8 -1 7 0 -1 -3 10 -6 8 6 4 3 8 7
8 -4 3 1 -6 9 -2 -2 5 -7 3 -8 9 6 -6 5 -4 -1 7 -8 -4 -8 -9 -2 0 -9 -6 1 7 9 2 -3 -5 -8 4 -1 -4 1 4 -2 6 -3 0 -6 3 6 -9 2 -2 7 3 -9 3 4
-4 8 7 -3 -2 -1 7 6 -4 7 -1 -5 0 -3 2 10 -1 2 -6 7 -9 0 0 -9 4 4 -2 -9 2 1 4 9 0 1 -8 1 2 -5 -4 8 -5 -10 9 -9 7 0 0 -7 -9 5 10 -1 -10
9 -7 -3 -7 -8 -7 4 6 2 -7 9 -10 -6 0 -1 4 2 -9 -5 -5 10 -10 2 9 1 -3 0 -2 -8 -5 -10 -8 -6 -5 4 0 8 1 -9 -10 -5 3 -9 -8 0 -7 0 -4 -5 1 10 8
-2 4 10 9 0 -9 4 -1 -9 5 -7 4 -4 -6 4 9 7 -9 1 8 1 10 -10 -3 -8 -9 -10 2 -1 9 -4 -1 -10 -4 8 -7 -10 -2 1 -6 -9 -4 3 -9 6 9 -1 -8 -8 7 -1
10 9 -7 -3 10 0 9 9 -5 7 1 1 -3 1 8 0 -6 -9 1 2 -8 -9 -9 3 5 8 8 -10 10 -10 2 8 3 7 -9 -8 7 2 4 5 -2 -9 -3 5 6 -2 -6 -4 -4 8
-1 -1 8 1 -3 -10 -10 2 5 4 2 -5 0 0 -10 -4 -5 10 1 -10 -8 5 -4 2 0 -2 -6 2 -5 -1 -7 4 7 -2 -5 8 -9 10 -5 8 -6 -3 -3 -1 0 -7 -8 -10 -9
8 -9 10 3 -9 1 -3 -10 10 7 7 3 6 -2 -3 -10 -6 -7 -8 2 2 4 -3 -6 9 -10 -1 0 4 0 8 7 7 4 0 8 -5 -8 -5 8 8 3 -1 -5 2 -9 -3 -3
3 -5 -10 -6 4 1 1 6 -5 -8 -2 4 4 -10 9 -6 -10 4 -7 -8 1 -5 -3 7 -10 -5 -4 3 -5 -7 10 9 -5 -8 1 6 -7 6 8 5 -10 1 8 -7 3 -7 -7
6 3 -4 7 1 0 7 7 -8 8 0 8 4 5 -5 -7 2 7 6 -9 -9 0 -3 5 7 9 -4 -8 7 2 9 -6 6 8 5 -5 6 -2 0 -1 -9 -7 6 -6 -5 5
-5 -10 -9 -5 7 -4 9 -1 7 -6 10 -3 -6 -6 -9 -2 -8 -2 -2 5 -2 10 -4 -6 6 -7 -8 3 1 8 9 -4 -10 -6 10 -10 -6 -9 10 -4 -9 -2 -6 -3 -6
-6 4 5 1 -6 -7 -3 1 -4 -9 -6 6 -8 3 0 -9 3 -2 2 -4 -10 -9 1 9 -3 4 4 4 1 2 8 -7 9 7 -3 -6 -8 -10 10 -5 9 -8 3 -8
5 -1 2 9 -9 -5 8 6 -4 -7 -10 -2 -3 7 -2 -8 9 2 2 -5 -6 8 -8 -4 -7 3 5 -10 6 -9 1 2 7 1 3 2 4 -9 2 -3 2 -6 -8
8 6 2 1 1 -9 -1 8 -1 -2 -1 10 -9 4 3 2 -4 -1 9 -4 -3 8 3 1 -10 -1 10 9 2 -5 4 -4 -6 -5 2 -6 3 -7 -8 -1 -6 -2
-4 3 -6 0 10 7 0 -2 -6 -7 6 6 10 -9 7 5 9 9 -7 9 3 -6 10 -3 -1 -8 9 8 2 -2 -3 -4 7 0 -3 -6 -1 4 -5 1 -9
1 7 -3 -3 -3 -2 -4 -9 -3 -8 -8 1 6 5 2 -10 1 -2 1 4 2 8 -2 5 0 4 2 8 -2 10 0 -4 1 -3 3 1 8 5 -2 2
2 9 6 2 -8 3 -4 -2 -6 -8 -5 0 -1 1 -10 7 -10 8 0 9 -1 6 -8 0 -5 2 9 -6 0 1 8 2 2 -1 4 -5 -7 -3 -10
4 -2 -6 -3 1 8 -7 -2 -5 2 -7 -1 -9 -2 10 7 8 -4 -3 -5 3 -7 -1 0 -1 -4 -9 4 8 3 -3 4 -3 -7 -10 -10 7 10
-7 5 6 1 -5 -6 -7 -8 1 7 4 -8 7 -2 0 -5 -4 1 -2 -5 3 6 4 -2 -2 10 5 -9 -7 5 -4 10 -5 10 -10 6 3
0 -6 -3 4 4 4 -6 8 3 2 0 3 -4 -4 4 -10 -7 -2 -9 10 -9 10 1 -6 4 7 -8 -10 1 0 10 6 -9 -9 -10 -6
5 -5 -6 -8 -1 -5 0 4 -4 -7 3 -10 9 -1 -3 8 -7 -4 2 6 10 -8 5 -5 -9 -4 -7 -4 2 9 1 1 -6 6 2
-5 -10 9 10 -5 8 10 5 -3 1 -6 1 9 1 -4 -3 -6 -5 -6 10 4 -3 9 -4 6 9 9 -5 -10 -1 1 5 -3 1
-3 -6 -3 3 3 -8 6 1 -9 5 2 -8 -9 7 4 -9 6 -5 2 9 5 -7 6 -5 -4 2 -9 -7 -10 5 -7 -6 2
-7 1 10 7 -3 7 7 10 -5 -8 5 10 3 -2 7 -2 2 5 -4 0 4 -2 -6 -6 -4 -4 -6 -6 -5 6 -10 10
-7 9 -1 -2 -6 1 7 8 -6 10 -5 -5 1 2 -9 2 -5 9 0 -4 1 10 -9 2 -3 10 5 -3 -8 10 -7
7 -9 -2 2 5 -2 -7 -3 -10 5 0 -3 7 -1 -7 10 7 0 -6 -10 -8 -3 2 -5 2 -9 6 -1 2 -3
8 5 1 2 -8 0 -2 5 -9 1 0 -2 8 -8 -5 10 -8 1 -8 3 -2 -8 -8 8 0 0 3 -2 -10
8 -8 8 2 8 -4 8 0 4 7 5 1 -5 -9 5 -10 -6 -10 -2 -5 3 -5 -10 -8 9 10 5 -7
-6 -8 -6 -1 -8 -4 8 -3 3 9 2 4 7 8 10 4 2 -9 8 6 5 -4 -8 -5 3 5 5
-3 -8 9 -5 -6 4 10 2 -10 4 0 8 6 7 9 5 10 7 3 1 -3 10 -4 10 8 -1
-4 -7 9 -8 10 2 0 -1 -4 -10 6 8 10 0 -5 -3 -7 -6 -9 -5 -7 8 -8 1 -10
1 5 2 -2 -1 8 10 4 -1 5 -10 -9 -10 -6 3 7 4 2 -1 -1 7 3 5 2
-1 8 4 8 4 -1 -8 3 -4 2 1 3 -9 -2 0 -9 -10 3 -3 1 0 -3 5
-4 -9 8 2 -2 8 3 9 -5 4 4 -8 -7 10 8 10 1 -6 8 2 -3 0
-4 -9 1 8 4 -10 -5 1 1 -7 -5 6 -5 4 3 -4 3 -1 -3 -8 0
9 -1 6 9 7 8 0 9 2 1 -1 3 3 -3 -1 0 -2 -1 -3 -1
-2 -8 -1 9 -7 2 8 9 8 -3 9 -3 -2 -2 8 4 -1 -3 8
-2 3 -2 -10 6 7 -5 -6 -3 -9 8 0 6 3 -6 9 5 -4
8 7 10 6 8 -2 -7 -3 -5 -7 -10 8 4 -6 -9 -5 -7
5 -9 5 0 -1 6 1 -4 -1 10 3 1 0 5 8 -6
-6 -9 -3 -10 -9 -1 -2 8 3 -1 2 -8 -6 9 -3
8 -9 -10 -6 1 -7 -6 -7 -4 4 0 2 1 6
9 2 -4 0 8 0 10 5 -10 7 3 -8 8
9 -4 -8 -2 1 7 -1 -4 -2 0 2 2
-3 -8 -8 -3 7 7 1 -9 -4 -1 -5
-4 3 -5 -6 -9 -3 -4 -1 4 -1
-5 -2 3 -4 10 -7 -10 -1 -3
4 8 3 6 2 7 -10 -9
7 10 0 -6 8 -2 2
8 -9 -6 10 -8 10
5 4 -1 -8 4
-2 -4 -9 -1
-4 0 -9
-6 -3
7
