Running computational experiments...
============================================================

------------------------------------------------------------
File: ../../instances/15_qbf_sc_instances/instance-15.txt
------------------------------------------------------------

Running PADRÃO...
(Iter. 0) BestSol = Solution: cost=[14498.0], size=[258], elements=[2, 5, 6, 7, 8, 9, 10, 12, 13, 14, 15, 16, 18, 20, 22, 23, 24, 27, 28, 29, 33, 34, 35, 36, 38, 39, 40, 42, 44, 45, 46, 47, 49, 50, 52, 53, 57, 58, 59, 60, 61, 62, 65, 66, 67, 68, 71, 72, 74, 76, 77, 78, 79, 82, 83, 84, 85, 86, 87, 88, 90, 91, 92, 93, 95, 96, 100, 101, 102, 103, 105, 106, 107, 109, 111, 112, 116, 117, 118, 119, 120, 121, 122, 123, 125, 126, 127, 129, 130, 132, 136, 138, 139, 143, 150, 152, 155, 156, 157, 158, 159, 163, 165, 166, 167, 168, 169, 170, 172, 174, 175, 176, 177, 178, 179, 180, 181, 182, 183, 185, 190, 191, 194, 195, 196, 199, 200, 201, 202, 204, 205, 206, 207, 208, 209, 211, 212, 213, 215, 216, 219, 221, 224, 226, 227, 228, 229, 230, 232, 234, 235, 236, 237, 238, 240, 241, 243, 246, 247, 251, 253, 254, 255, 256, 257, 258, 259, 260, 261, 263, 264, 265, 267, 268, 270, 271, 272, 274, 275, 276, 278, 279, 280, 281, 282, 283, 284, 285, 286, 288, 290, 291, 292, 293, 294, 295, 298, 300, 301, 302, 303, 304, 305, 306, 307, 309, 311, 312, 314, 315, 317, 318, 319, 320, 322, 324, 325, 329, 332, 333, 335, 336, 337, 338, 340, 342, 343, 344, 348, 349, 350, 351, 352, 353, 357, 358, 362, 363, 364, 365, 366, 367, 371, 372, 373, 374, 375, 376, 378, 381, 382, 383, 385, 386, 389, 392, 393, 395]
(Iter. 1) BestSol = Solution: cost=[14548.0], size=[256], elements=[2, 5, 7, 8, 9, 10, 11, 12, 13, 14, 16, 17, 18, 20, 21, 23, 24, 27, 28, 29, 30, 33, 34, 35, 36, 39, 40, 42, 44, 45, 46, 47, 49, 50, 52, 53, 57, 58, 59, 60, 61, 62, 65, 66, 67, 68, 71, 74, 76, 78, 79, 82, 83, 84, 86, 87, 88, 91, 92, 93, 95, 96, 101, 103, 105, 106, 107, 109, 111, 112, 115, 116, 117, 118, 120, 121, 122, 123, 125, 126, 127, 129, 130, 132, 135, 136, 138, 139, 141, 143, 145, 148, 149, 150, 152, 155, 156, 157, 158, 163, 165, 166, 167, 168, 169, 170, 172, 174, 175, 176, 177, 178, 179, 180, 181, 182, 183, 185, 190, 191, 194, 195, 199, 200, 201, 202, 204, 205, 206, 207, 208, 209, 211, 212, 213, 215, 216, 219, 221, 224, 226, 227, 228, 229, 230, 232, 234, 235, 237, 238, 240, 241, 243, 246, 247, 251, 253, 254, 256, 257, 258, 259, 260, 261, 263, 264, 265, 267, 268, 270, 271, 272, 274, 275, 276, 278, 279, 280, 281, 282, 283, 284, 285, 288, 290, 291, 292, 293, 294, 295, 298, 300, 301, 302, 303, 304, 305, 306, 307, 308, 309, 312, 314, 317, 318, 319, 320, 322, 324, 325, 329, 331, 332, 333, 334, 335, 336, 337, 338, 340, 342, 343, 344, 346, 348, 349, 350, 351, 352, 353, 356, 357, 358, 362, 363, 364, 365, 366, 367, 370, 371, 373, 374, 375, 376, 381, 382, 383, 385, 386, 389, 392, 393, 394, 395, 398]
(Iter. 8) BestSol = Solution: cost=[14559.0], size=[247], elements=[2, 5, 7, 8, 9, 10, 11, 12, 13, 14, 16, 17, 18, 20, 21, 22, 23, 24, 27, 28, 29, 33, 34, 35, 36, 39, 40, 44, 45, 46, 47, 49, 50, 52, 53, 57, 58, 59, 60, 61, 62, 65, 66, 67, 68, 71, 72, 74, 76, 78, 79, 82, 83, 84, 85, 86, 87, 88, 91, 93, 95, 96, 101, 103, 105, 106, 107, 109, 111, 112, 116, 117, 118, 119, 120, 121, 122, 123, 125, 126, 127, 129, 132, 136, 138, 139, 141, 143, 148, 149, 150, 152, 155, 157, 158, 163, 165, 166, 167, 168, 169, 170, 172, 174, 175, 177, 178, 179, 180, 181, 182, 183, 191, 194, 195, 199, 200, 201, 202, 204, 205, 206, 207, 208, 209, 211, 212, 213, 215, 216, 219, 221, 224, 226, 227, 228, 229, 230, 232, 234, 235, 236, 237, 238, 240, 241, 243, 245, 246, 247, 251, 253, 254, 256, 257, 258, 259, 260, 261, 263, 264, 265, 267, 268, 270, 271, 272, 274, 275, 276, 278, 279, 280, 281, 282, 283, 284, 285, 288, 290, 291, 292, 294, 295, 298, 300, 301, 303, 304, 305, 306, 307, 308, 309, 311, 312, 314, 317, 318, 319, 320, 322, 324, 325, 329, 332, 333, 334, 335, 336, 337, 338, 340, 342, 343, 344, 348, 349, 350, 351, 352, 353, 356, 357, 358, 362, 363, 364, 365, 366, 367, 370, 371, 372, 374, 375, 376, 381, 382, 383, 385, 386, 389, 392, 393, 395, 398]
(Iter. 12) BestSol = Solution: cost=[14566.0], size=[249], elements=[2, 5, 7, 8, 9, 10, 11, 12, 13, 14, 16, 18, 20, 21, 23, 24, 27, 28, 29, 30, 33, 34, 35, 36, 39, 40, 44, 45, 46, 47, 49, 50, 52, 53, 57, 58, 59, 60, 61, 62, 65, 66, 67, 68, 71, 72, 73, 74, 76, 78, 79, 82, 83, 84, 85, 86, 87, 88, 92, 93, 95, 96, 101, 105, 106, 107, 109, 111, 112, 115, 116, 117, 118, 119, 120, 121, 122, 123, 125, 126, 129, 132, 135, 136, 138, 139, 141, 143, 145, 148, 149, 150, 152, 155, 157, 158, 163, 165, 166, 167, 168, 169, 170, 172, 174, 175, 177, 178, 179, 180, 181, 182, 183, 185, 191, 194, 195, 199, 200, 201, 202, 204, 205, 206, 207, 208, 209, 211, 212, 213, 215, 216, 219, 221, 224, 226, 227, 228, 229, 230, 232, 234, 235, 237, 238, 240, 241, 243, 245, 246, 247, 251, 253, 254, 256, 257, 258, 259, 260, 261, 263, 264, 265, 267, 268, 270, 271, 272, 274, 275, 276, 277, 278, 279, 280, 281, 282, 283, 284, 285, 288, 290, 291, 292, 294, 295, 300, 301, 302, 303, 304, 305, 306, 307, 308, 309, 311, 312, 314, 317, 318, 319, 320, 322, 324, 325, 329, 332, 333, 334, 335, 336, 337, 338, 340, 342, 343, 344, 348, 349, 350, 351, 352, 353, 356, 357, 358, 362, 363, 364, 365, 366, 367, 370, 371, 372, 374, 375, 376, 381, 382, 383, 385, 386, 389, 392, 393, 395, 398]
(Iter. 22) BestSol = Solution: cost=[14573.0], size=[249], elements=[2, 5, 7, 8, 9, 10, 11, 12, 13, 14, 16, 17, 18, 20, 21, 22, 23, 24, 27, 28, 29, 30, 33, 34, 35, 36, 39, 40, 42, 44, 45, 46, 47, 49, 50, 52, 53, 57, 58, 59, 60, 61, 62, 65, 66, 67, 68, 71, 72, 74, 76, 78, 79, 82, 84, 85, 86, 87, 88, 91, 93, 95, 96, 101, 103, 105, 106, 107, 109, 111, 112, 116, 117, 118, 120, 121, 122, 123, 125, 126, 127, 129, 132, 136, 138, 139, 141, 143, 145, 148, 150, 152, 155, 157, 158, 163, 165, 166, 167, 168, 169, 170, 172, 174, 175, 176, 177, 178, 179, 180, 181, 182, 183, 185, 191, 194, 195, 199, 200, 201, 202, 204, 205, 206, 207, 208, 209, 211, 212, 213, 215, 216, 219, 221, 224, 226, 227, 228, 229, 230, 232, 234, 235, 236, 237, 238, 240, 241, 243, 245, 246, 247, 251, 253, 254, 256, 257, 258, 259, 260, 261, 263, 264, 265, 267, 268, 270, 271, 272, 274, 275, 276, 278, 279, 280, 281, 282, 283, 284, 285, 288, 290, 291, 292, 294, 295, 298, 300, 301, 302, 303, 304, 305, 306, 307, 308, 309, 312, 314, 317, 318, 319, 320, 322, 324, 325, 329, 332, 333, 334, 335, 336, 337, 338, 340, 342, 343, 344, 348, 349, 350, 351, 352, 353, 356, 357, 358, 362, 363, 364, 365, 366, 367, 370, 371, 372, 373, 374, 375, 376, 381, 382, 383, 385, 386, 389, 393, 395, 398]
(Iter. 46) BestSol = Solution: cost=[14590.0], size=[249], elements=[2, 5, 7, 8, 9, 10, 11, 12, 13, 14, 16, 17, 18, 20, 21, 23, 24, 27, 28, 29, 30, 33, 34, 35, 36, 39, 40, 44, 45, 46, 47, 49, 50, 52, 53, 57, 58, 59, 60, 61, 62, 65, 66, 67, 68, 71, 72, 73, 74, 76, 78, 79, 82, 83, 84, 85, 86, 87, 88, 91, 93, 95, 96, 101, 105, 106, 107, 109, 111, 112, 115, 116, 117, 118, 120, 121, 122, 123, 125, 126, 129, 132, 135, 136, 138, 139, 141, 143, 145, 148, 149, 150, 152, 155, 157, 158, 163, 165, 166, 167, 168, 169, 170, 172, 174, 175, 176, 177, 178, 179, 180, 181, 182, 183, 191, 194, 195, 199, 200, 201, 202, 204, 205, 206, 207, 208, 209, 211, 212, 213, 215, 216, 219, 221, 224, 226, 227, 228, 229, 230, 232, 234, 235, 236, 237, 238, 240, 241, 243, 245, 246, 247, 251, 253, 254, 256, 257, 258, 259, 260, 261, 263, 264, 265, 267, 268, 270, 271, 272, 274, 275, 276, 278, 279, 280, 281, 282, 283, 284, 285, 288, 290, 291, 292, 293, 294, 295, 298, 300, 301, 302, 303, 304, 305, 306, 307, 308, 309, 312, 314, 317, 318, 319, 320, 322, 324, 325, 329, 332, 333, 334, 335, 336, 337, 338, 340, 342, 343, 344, 348, 349, 350, 351, 352, 353, 356, 357, 358, 362, 363, 364, 365, 366, 367, 370, 371, 372, 373, 374, 375, 376, 381, 382, 385, 386, 389, 393, 395, 398]
Total time limit reached, stopping this instance.
Cost: 14590.0, Size: 249, Iterations: 229, Time: 1801.255s

Running PADRÃO+ALPHA...
(Iter. 0) BestSol = Solution: cost=[14465.0], size=[255], elements=[2, 5, 6, 7, 8, 9, 10, 12, 13, 14, 15, 16, 18, 20, 22, 23, 24, 27, 28, 29, 30, 33, 34, 35, 36, 38, 39, 40, 42, 44, 45, 46, 47, 49, 50, 52, 53, 57, 58, 59, 60, 61, 62, 65, 66, 67, 68, 71, 72, 74, 76, 77, 78, 79, 82, 84, 85, 86, 87, 88, 90, 91, 92, 93, 95, 96, 100, 101, 103, 105, 106, 107, 109, 111, 112, 116, 117, 118, 119, 120, 121, 122, 123, 125, 126, 127, 129, 130, 132, 136, 138, 139, 141, 143, 148, 152, 155, 156, 157, 158, 159, 163, 165, 166, 167, 168, 169, 170, 172, 174, 175, 176, 177, 178, 179, 180, 181, 182, 183, 185, 190, 191, 194, 195, 196, 199, 200, 201, 202, 204, 205, 206, 207, 208, 209, 211, 212, 213, 215, 216, 219, 221, 224, 226, 227, 228, 229, 230, 232, 234, 235, 237, 238, 240, 241, 243, 246, 247, 251, 253, 254, 255, 256, 257, 258, 259, 260, 261, 263, 264, 265, 267, 268, 270, 271, 272, 274, 275, 276, 278, 279, 280, 281, 282, 283, 284, 285, 288, 290, 291, 292, 293, 294, 295, 298, 300, 301, 302, 303, 304, 305, 306, 307, 308, 309, 312, 314, 315, 317, 318, 319, 320, 322, 324, 325, 329, 332, 333, 335, 336, 337, 338, 340, 342, 343, 344, 348, 349, 350, 351, 352, 353, 357, 358, 362, 363, 364, 365, 366, 367, 371, 373, 374, 375, 376, 378, 381, 382, 383, 385, 386, 389, 393, 395, 396]
(Iter. 1) BestSol = Solution: cost=[14476.0], size=[250], elements=[2, 5, 6, 7, 8, 9, 10, 11, 12, 13, 14, 15, 16, 17, 18, 20, 21, 22, 23, 24, 27, 28, 29, 30, 33, 34, 35, 36, 39, 40, 42, 44, 45, 46, 47, 49, 50, 52, 53, 57, 58, 59, 60, 61, 62, 65, 66, 67, 68, 71, 74, 76, 78, 79, 82, 83, 84, 85, 86, 87, 88, 91, 92, 93, 95, 96, 101, 105, 106, 107, 109, 111, 112, 116, 117, 118, 119, 120, 121, 122, 123, 125, 126, 127, 129, 130, 132, 136, 138, 139, 141, 143, 148, 150, 152, 155, 156, 157, 158, 159, 163, 165, 166, 167, 168, 169, 170, 172, 174, 175, 177, 178, 179, 180, 181, 182, 183, 185, 190, 191, 194, 195, 196, 199, 200, 201, 202, 204, 205, 206, 207, 208, 209, 211, 212, 213, 215, 216, 219, 221, 224, 226, 227, 228, 229, 230, 232, 234, 235, 237, 238, 240, 241, 243, 246, 247, 251, 253, 254, 255, 256, 257, 258, 259, 260, 261, 263, 264, 265, 267, 268, 270, 271, 272, 274, 275, 276, 278, 279, 280, 281, 282, 283, 284, 285, 288, 290, 291, 292, 293, 294, 295, 300, 301, 302, 303, 304, 305, 306, 307, 308, 309, 312, 314, 317, 318, 319, 320, 322, 324, 325, 329, 332, 333, 335, 336, 337, 338, 340, 342, 343, 344, 348, 349, 350, 351, 352, 353, 357, 358, 362, 364, 365, 366, 367, 371, 373, 374, 375, 376, 377, 378, 381, 382, 383, 385, 386, 389, 393, 395]
(Iter. 2) BestSol = Solution: cost=[14538.0], size=[255], elements=[2, 5, 7, 8, 9, 10, 12, 13, 14, 16, 17, 18, 20, 21, 23, 24, 27, 28, 29, 33, 34, 35, 36, 39, 40, 44, 45, 46, 47, 49, 50, 52, 53, 57, 58, 59, 60, 61, 62, 65, 66, 67, 68, 71, 72, 73, 74, 76, 78, 79, 82, 83, 84, 86, 87, 88, 91, 92, 93, 95, 96, 100, 101, 105, 106, 107, 109, 111, 112, 115, 116, 117, 118, 120, 121, 122, 123, 125, 126, 127, 129, 130, 132, 135, 136, 137, 138, 139, 143, 145, 148, 149, 150, 152, 155, 156, 157, 158, 163, 165, 166, 167, 168, 169, 170, 172, 174, 175, 176, 177, 178, 179, 180, 181, 182, 183, 185, 186, 191, 194, 195, 199, 200, 201, 202, 204, 205, 206, 207, 208, 209, 211, 212, 213, 215, 216, 219, 221, 224, 226, 227, 228, 229, 230, 232, 234, 235, 236, 237, 238, 240, 241, 243, 245, 246, 247, 251, 253, 254, 256, 257, 258, 259, 260, 261, 263, 264, 265, 267, 268, 270, 271, 272, 274, 275, 276, 278, 279, 280, 281, 282, 283, 284, 285, 288, 290, 291, 292, 293, 294, 295, 298, 300, 301, 302, 303, 304, 305, 306, 307, 308, 309, 311, 312, 314, 317, 318, 319, 320, 322, 324, 325, 329, 332, 333, 334, 335, 336, 337, 338, 340, 342, 343, 344, 346, 348, 349, 350, 351, 352, 353, 356, 357, 358, 362, 363, 364, 365, 366, 367, 371, 373, 374, 375, 376, 381, 382, 383, 385, 386, 389, 390, 393, 395, 398]
(Iter. 3) BestSol = Solution: cost=[14573.0], size=[252], elements=[2, 5, 7, 8, 9, 10, 11, 12, 13, 14, 16, 17, 18, 20, 21, 22, 23, 24, 27, 28, 29, 30, 33, 34, 35, 36, 39, 40, 42, 44, 45, 46, 47, 49, 50, 52, 53, 57, 58, 59, 60, 61, 62, 65, 66, 67, 68, 71, 72, 74, 76, 78, 79, 82, 83, 84, 85, 86, 87, 88, 91, 92, 93, 95, 96, 101, 103, 105, 106, 107, 109, 111, 112, 116, 117, 118, 119, 120, 121, 122, 123, 125, 126, 129, 130, 132, 136, 138, 139, 141, 143, 145, 148, 150, 152, 155, 157, 158, 163, 165, 166, 167, 168, 169, 170, 172, 174, 175, 177, 178, 179, 180, 181, 182, 183, 185, 190, 191, 194, 195, 196, 199, 200, 201, 202, 204, 205, 206, 207, 208, 209, 211, 212, 213, 215, 216, 219, 221, 224, 226, 227, 228, 229, 230, 232, 234, 235, 237, 238, 240, 241, 243, 246, 247, 251, 253, 254, 256, 257, 258, 259, 260, 261, 263, 264, 265, 267, 268, 270, 271, 272, 274, 275, 276, 278, 279, 280, 281, 282, 283, 284, 285, 288, 290, 292, 294, 295, 300, 301, 302, 303, 304, 305, 306, 307, 308, 309, 312, 314, 317, 318, 319, 320, 322, 324, 325, 329, 331, 332, 333, 335, 336, 337, 338, 340, 342, 343, 344, 345, 348, 349, 350, 351, 352, 353, 356, 357, 358, 362, 363, 364, 365, 366, 367, 370, 371, 372, 373, 374, 375, 376, 378, 381, 382, 383, 385, 386, 389, 393, 395, 396, 398]
(Iter. 18) BestSol = Solution: cost=[14579.0], size=[251], elements=[2, 5, 7, 8, 9, 10, 11, 12, 13, 14, 16, 17, 18, 20, 21, 23, 24, 27, 28, 29, 30, 33, 34, 35, 36, 39, 40, 42, 44, 45, 46, 47, 49, 50, 52, 53, 57, 58, 59, 60, 61, 62, 65, 66, 67, 68, 71, 72, 74, 76, 78, 79, 82, 83, 84, 86, 87, 88, 91, 93, 95, 96, 100, 101, 105, 106, 107, 109, 111, 112, 115, 116, 117, 118, 120, 121, 122, 123, 125, 126, 127, 129, 130, 132, 136, 138, 139, 141, 143, 145, 148, 149, 150, 152, 155, 157, 158, 163, 165, 166, 167, 168, 169, 170, 172, 174, 175, 176, 177, 178, 179, 180, 181, 182, 183, 185, 191, 194, 195, 199, 200, 201, 202, 204, 205, 206, 207, 208, 209, 211, 212, 213, 215, 216, 219, 221, 224, 226, 227, 228, 229, 230, 232, 234, 235, 236, 237, 238, 240, 241, 243, 245, 246, 247, 251, 253, 254, 256, 257, 258, 259, 260, 261, 263, 264, 265, 267, 268, 270, 271, 272, 274, 275, 276, 278, 279, 280, 281, 282, 283, 284, 285, 288, 290, 291, 292, 293, 294, 295, 298, 300, 301, 302, 303, 304, 305, 306, 307, 308, 309, 312, 314, 317, 318, 319, 320, 322, 324, 325, 329, 332, 333, 334, 335, 336, 337, 338, 340, 342, 343, 344, 346, 348, 349, 350, 351, 352, 353, 356, 357, 358, 362, 363, 364, 365, 366, 367, 370, 371, 373, 374, 375, 376, 381, 382, 385, 386, 389, 393, 395, 398]
(Iter. 59) BestSol = Solution: cost=[14580.0], size=[251], elements=[2, 5, 7, 8, 9, 10, 11, 12, 13, 14, 16, 17, 18, 20, 21, 23, 24, 27, 28, 29, 30, 33, 34, 35, 36, 39, 40, 42, 44, 45, 46, 47, 49, 50, 52, 53, 57, 58, 59, 60, 61, 62, 65, 66, 67, 68, 71, 72, 74, 76, 78, 79, 82, 83, 84, 86, 87, 88, 91, 93, 95, 96, 101, 105, 106, 107, 109, 111, 112, 116, 117, 118, 120, 121, 122, 123, 125, 126, 127, 129, 130, 132, 136, 138, 139, 141, 143, 145, 148, 149, 150, 152, 155, 157, 158, 163, 165, 166, 167, 168, 169, 170, 172, 174, 175, 176, 177, 178, 179, 180, 181, 182, 183, 185, 191, 194, 195, 199, 200, 201, 202, 204, 205, 206, 207, 208, 209, 211, 212, 213, 215, 216, 219, 221, 224, 226, 227, 228, 229, 230, 232, 234, 235, 236, 237, 238, 240, 241, 243, 245, 246, 247, 251, 253, 254, 256, 257, 258, 259, 260, 261, 263, 264, 265, 267, 268, 270, 271, 272, 274, 275, 276, 278, 279, 280, 281, 282, 283, 284, 285, 288, 290, 291, 292, 293, 294, 295, 298, 300, 301, 302, 303, 304, 305, 306, 307, 308, 309, 312, 314, 317, 318, 319, 320, 322, 324, 325, 329, 332, 333, 334, 335, 336, 337, 338, 340, 342, 343, 344, 346, 348, 349, 350, 351, 352, 353, 356, 357, 358, 362, 363, 364, 365, 366, 367, 370, 371, 372, 373, 374, 375, 376, 381, 382, 383, 385, 386, 389, 393, 395, 398]
(Iter. 66) BestSol = Solution: cost=[14588.0], size=[252], elements=[2, 5, 7, 8, 9, 10, 11, 12, 13, 14, 16, 17, 18, 20, 21, 23, 24, 27, 28, 29, 30, 33, 34, 35, 36, 39, 40, 42, 44, 45, 46, 47, 49, 50, 52, 53, 57, 58, 59, 60, 61, 62, 65, 66, 67, 68, 71, 73, 74, 76, 78, 79, 82, 83, 84, 85, 86, 87, 88, 91, 93, 95, 96, 101, 105, 106, 107, 109, 111, 112, 115, 116, 117, 118, 120, 121, 122, 123, 125, 126, 129, 132, 135, 136, 138, 139, 141, 143, 145, 148, 149, 150, 152, 155, 157, 158, 163, 165, 166, 167, 168, 169, 170, 172, 174, 175, 176, 177, 178, 179, 180, 181, 182, 183, 185, 191, 194, 195, 199, 200, 201, 202, 204, 205, 206, 207, 208, 209, 211, 212, 213, 215, 216, 219, 221, 224, 226, 227, 228, 229, 230, 232, 234, 235, 236, 237, 238, 240, 241, 243, 245, 246, 247, 251, 253, 254, 256, 257, 258, 259, 260, 261, 263, 264, 265, 267, 268, 270, 271, 272, 274, 275, 276, 278, 279, 280, 281, 282, 283, 284, 285, 288, 290, 291, 292, 293, 294, 295, 298, 300, 301, 302, 303, 304, 305, 306, 307, 308, 309, 312, 314, 317, 318, 319, 320, 322, 324, 325, 329, 332, 333, 334, 335, 336, 337, 338, 340, 342, 343, 344, 346, 348, 349, 350, 351, 352, 353, 356, 357, 358, 362, 363, 364, 365, 366, 367, 370, 371, 372, 373, 374, 375, 376, 381, 382, 383, 385, 386, 389, 393, 395, 398]
(Iter. 170) BestSol = Solution: cost=[14590.0], size=[249], elements=[2, 5, 7, 8, 9, 10, 11, 12, 13, 14, 16, 17, 18, 20, 21, 23, 24, 27, 28, 29, 30, 33, 34, 35, 36, 39, 40, 44, 45, 46, 47, 49, 50, 52, 53, 57, 58, 59, 60, 61, 62, 65, 66, 67, 68, 71, 72, 73, 74, 76, 78, 79, 82, 83, 84, 85, 86, 87, 88, 91, 93, 95, 96, 101, 105, 106, 107, 109, 111, 112, 115, 116, 117, 118, 120, 121, 122, 123, 125, 126, 129, 132, 135, 136, 138, 139, 141, 143, 145, 148, 149, 150, 152, 155, 157, 158, 163, 165, 166, 167, 168, 169, 170, 172, 174, 175, 176, 177, 178, 179, 180, 181, 182, 183, 191, 194, 195, 199, 200, 201, 202, 204, 205, 206, 207, 208, 209, 211, 212, 213, 215, 216, 219, 221, 224, 226, 227, 228, 229, 230, 232, 234, 235, 236, 237, 238, 240, 241, 243, 245, 246, 247, 251, 253, 254, 256, 257, 258, 259, 260, 261, 263, 264, 265, 267, 268, 270, 271, 272, 274, 275, 276, 278, 279, 280, 281, 282, 283, 284, 285, 288, 290, 291, 292, 293, 294, 295, 298, 300, 301, 302, 303, 304, 305, 306, 307, 308, 309, 312, 314, 317, 318, 319, 320, 322, 324, 325, 329, 332, 333, 334, 335, 336, 337, 338, 340, 342, 343, 344, 348, 349, 350, 351, 352, 353, 356, 357, 358, 362, 363, 364, 365, 366, 367, 370, 371, 372, 373, 374, 375, 376, 381, 382, 385, 386, 389, 393, 395, 398]
Total time limit reached, stopping this instance.
Cost: 14590.0, Size: 249, Iterations: 228, Time: 1805.883s

Running PADRÃO+BEST...
(Iter. 0) BestSol = Solution: cost=[14441.0], size=[236], elements=[2, 5, 6, 7, 8, 9, 10, 11, 12, 13, 14, 16, 18, 20, 23, 24, 27, 28, 29, 30, 33, 34, 35, 36, 39, 40, 44, 45, 49, 50, 52, 53, 57, 58, 59, 60, 61, 62, 64, 65, 66, 67, 68, 71, 72, 74, 76, 78, 79, 82, 83, 84, 86, 87, 88, 93, 95, 96, 101, 102, 103, 105, 106, 107, 109, 111, 112, 115, 116, 117, 118, 120, 121, 122, 125, 126, 127, 129, 132, 135, 136, 138, 139, 141, 142, 143, 149, 152, 155, 157, 158, 163, 165, 166, 167, 168, 169, 170, 172, 175, 176, 177, 178, 179, 180, 181, 182, 183, 186, 191, 194, 195, 199, 200, 201, 202, 204, 205, 206, 207, 209, 211, 212, 213, 215, 216, 219, 221, 224, 226, 227, 228, 229, 230, 232, 234, 235, 236, 237, 240, 241, 243, 246, 247, 251, 253, 254, 256, 257, 258, 259, 261, 263, 264, 265, 267, 268, 270, 271, 272, 274, 275, 276, 278, 279, 280, 281, 282, 283, 284, 285, 286, 288, 290, 291, 292, 294, 295, 298, 300, 301, 303, 304, 306, 307, 309, 311, 312, 314, 317, 318, 319, 320, 322, 324, 325, 329, 333, 334, 335, 336, 337, 338, 340, 342, 343, 344, 345, 348, 349, 350, 351, 353, 356, 357, 358, 362, 363, 364, 365, 366, 367, 371, 373, 374, 375, 376, 381, 382, 385, 386, 389, 392, 393, 395, 398]
(Iter. 1) BestSol = Solution: cost=[14544.0], size=[249], elements=[2, 5, 7, 8, 9, 10, 11, 12, 13, 14, 16, 17, 18, 20, 21, 23, 24, 27, 28, 29, 30, 33, 34, 35, 36, 39, 40, 42, 44, 45, 46, 47, 49, 50, 52, 53, 57, 58, 59, 60, 61, 62, 65, 66, 67, 68, 71, 73, 74, 76, 78, 79, 82, 83, 84, 86, 87, 88, 92, 93, 95, 96, 101, 106, 107, 109, 111, 112, 115, 116, 117, 118, 120, 121, 122, 123, 124, 125, 126, 129, 130, 132, 135, 136, 138, 139, 141, 143, 145, 148, 149, 150, 152, 155, 156, 157, 158, 163, 165, 166, 168, 169, 170, 172, 174, 177, 178, 179, 180, 181, 182, 183, 185, 190, 191, 194, 195, 199, 200, 201, 204, 205, 206, 207, 208, 209, 211, 212, 213, 215, 216, 219, 221, 224, 226, 227, 228, 229, 230, 232, 234, 235, 237, 238, 240, 241, 243, 246, 247, 251, 253, 254, 256, 257, 258, 259, 260, 261, 263, 264, 265, 267, 268, 270, 271, 272, 274, 275, 276, 277, 278, 279, 280, 281, 282, 283, 284, 285, 288, 290, 291, 292, 293, 294, 295, 298, 300, 301, 302, 303, 304, 305, 306, 307, 308, 309, 312, 314, 317, 318, 319, 320, 322, 324, 325, 329, 331, 332, 333, 334, 335, 336, 337, 338, 340, 342, 343, 344, 346, 348, 349, 350, 351, 352, 353, 356, 357, 358, 362, 363, 364, 365, 366, 367, 370, 371, 373, 374, 375, 376, 381, 382, 385, 386, 389, 393, 394, 395, 398]
Total time limit reached, stopping this instance.
Cost: 14544.0, Size: 249, Iterations: 3, Time: 1883.597s

Running PADRÃO+HC1...
(Iter. 0) BestSol = Solution: cost=[14479.0], size=[257], elements=[2, 4, 5, 7, 8, 9, 10, 11, 12, 13, 14, 16, 17, 18, 20, 21, 22, 23, 24, 27, 28, 29, 30, 33, 34, 35, 36, 39, 40, 42, 44, 45, 46, 47, 49, 50, 52, 53, 57, 58, 59, 60, 61, 62, 65, 66, 67, 68, 71, 72, 74, 76, 78, 79, 82, 83, 84, 86, 87, 88, 91, 93, 95, 96, 99, 100, 101, 103, 105, 106, 107, 109, 111, 112, 115, 116, 117, 118, 120, 121, 122, 123, 125, 126, 127, 129, 130, 132, 136, 138, 139, 141, 143, 145, 148, 149, 150, 152, 155, 157, 158, 159, 163, 165, 166, 167, 168, 169, 170, 172, 174, 175, 176, 177, 178, 179, 180, 181, 182, 183, 185, 190, 191, 194, 195, 199, 200, 201, 202, 204, 205, 206, 207, 208, 209, 211, 212, 213, 215, 216, 219, 221, 224, 226, 227, 228, 229, 230, 232, 234, 235, 236, 237, 238, 240, 241, 243, 246, 247, 254, 256, 257, 258, 259, 260, 261, 263, 264, 265, 267, 268, 270, 271, 274, 275, 276, 277, 278, 279, 280, 281, 282, 283, 284, 285, 286, 288, 290, 291, 292, 294, 295, 298, 300, 301, 302, 303, 304, 305, 306, 307, 308, 309, 312, 314, 317, 318, 319, 320, 322, 324, 325, 329, 331, 332, 333, 335, 336, 337, 338, 340, 342, 343, 344, 345, 346, 348, 349, 350, 351, 352, 353, 356, 357, 358, 362, 363, 364, 365, 366, 367, 370, 371, 372, 374, 375, 376, 381, 382, 383, 385, 386, 389, 393, 395, 396, 398]
(Iter. 1) BestSol = Solution: cost=[14539.0], size=[250], elements=[2, 5, 7, 8, 9, 10, 11, 12, 13, 14, 16, 17, 18, 20, 21, 23, 24, 27, 28, 29, 33, 34, 35, 36, 39, 40, 42, 44, 45, 46, 47, 49, 50, 52, 53, 57, 58, 59, 60, 61, 62, 65, 66, 67, 68, 71, 73, 74, 76, 78, 79, 82, 83, 84, 86, 87, 88, 91, 92, 93, 95, 96, 100, 101, 105, 106, 107, 109, 111, 112, 116, 117, 118, 119, 120, 121, 122, 123, 125, 126, 129, 130, 132, 136, 138, 139, 143, 145, 148, 149, 150, 152, 155, 157, 158, 159, 163, 165, 166, 167, 168, 169, 170, 172, 174, 175, 176, 177, 178, 179, 180, 181, 182, 183, 185, 190, 191, 194, 195, 199, 200, 201, 202, 204, 205, 206, 207, 208, 209, 211, 212, 213, 215, 216, 219, 221, 224, 226, 227, 228, 229, 230, 232, 234, 235, 237, 238, 240, 241, 243, 245, 246, 247, 251, 253, 254, 256, 257, 258, 259, 260, 261, 263, 264, 265, 267, 268, 270, 271, 272, 274, 275, 276, 278, 279, 280, 281, 282, 283, 284, 285, 288, 290, 291, 292, 293, 294, 295, 298, 300, 301, 302, 303, 304, 305, 306, 307, 308, 309, 311, 312, 314, 317, 318, 319, 320, 322, 324, 325, 329, 332, 333, 335, 336, 337, 338, 340, 342, 343, 344, 346, 348, 349, 350, 351, 352, 353, 356, 357, 358, 362, 363, 364, 365, 366, 367, 371, 372, 374, 375, 376, 381, 382, 383, 385, 386, 389, 393, 395, 398]
(Iter. 2) BestSol = Solution: cost=[14548.0], size=[248], elements=[2, 5, 7, 8, 9, 10, 11, 12, 13, 14, 16, 17, 18, 20, 21, 22, 23, 24, 27, 28, 29, 33, 34, 35, 36, 39, 40, 44, 45, 46, 47, 49, 50, 52, 53, 57, 58, 59, 60, 61, 62, 65, 66, 67, 68, 71, 72, 74, 76, 78, 79, 82, 83, 84, 85, 86, 87, 88, 91, 92, 93, 95, 96, 101, 103, 105, 106, 107, 109, 111, 112, 116, 117, 118, 119, 120, 121, 122, 123, 125, 126, 129, 132, 136, 137, 138, 139, 141, 143, 145, 148, 149, 150, 152, 155, 157, 158, 163, 165, 166, 167, 168, 169, 170, 172, 174, 175, 177, 178, 179, 180, 181, 182, 183, 185, 191, 194, 195, 199, 200, 201, 202, 204, 205, 206, 207, 208, 209, 211, 212, 213, 215, 216, 219, 221, 224, 226, 227, 228, 229, 230, 232, 234, 235, 236, 237, 238, 240, 241, 243, 245, 246, 247, 251, 253, 254, 256, 257, 258, 259, 260, 261, 263, 264, 265, 267, 268, 270, 271, 272, 274, 275, 276, 278, 279, 280, 281, 282, 283, 284, 285, 288, 290, 291, 292, 294, 295, 300, 301, 302, 303, 304, 305, 306, 307, 308, 309, 311, 312, 314, 317, 319, 320, 322, 324, 325, 329, 332, 333, 335, 336, 337, 338, 340, 342, 343, 344, 348, 349, 350, 351, 352, 353, 356, 357, 358, 362, 363, 364, 365, 366, 367, 370, 371, 372, 374, 375, 376, 381, 382, 383, 385, 386, 389, 392, 393, 395, 398]
(Iter. 10) BestSol = Solution: cost=[14569.0], size=[251], elements=[2, 5, 7, 8, 9, 10, 11, 12, 13, 14, 17, 18, 20, 21, 22, 23, 24, 27, 28, 29, 33, 34, 35, 36, 39, 40, 42, 44, 45, 46, 47, 49, 50, 52, 53, 57, 58, 59, 60, 61, 62, 65, 66, 67, 68, 71, 72, 74, 76, 78, 79, 82, 83, 84, 85, 86, 87, 88, 91, 93, 95, 96, 101, 103, 105, 106, 107, 109, 111, 112, 116, 117, 118, 119, 120, 121, 122, 123, 125, 126, 129, 130, 132, 136, 138, 139, 141, 143, 145, 148, 150, 152, 155, 157, 158, 163, 165, 166, 167, 168, 169, 170, 172, 174, 175, 176, 177, 178, 179, 180, 181, 182, 183, 185, 190, 191, 194, 195, 196, 199, 200, 201, 202, 204, 205, 206, 207, 208, 209, 211, 212, 213, 215, 216, 219, 221, 224, 226, 227, 228, 229, 230, 232, 234, 235, 236, 237, 238, 240, 241, 243, 245, 246, 247, 251, 253, 254, 256, 257, 258, 259, 260, 261, 263, 264, 265, 267, 268, 270, 271, 272, 274, 275, 276, 278, 279, 280, 281, 282, 283, 284, 285, 288, 290, 291, 292, 294, 295, 298, 300, 301, 302, 303, 304, 305, 306, 307, 308, 309, 312, 314, 317, 318, 319, 320, 322, 324, 325, 329, 332, 333, 335, 336, 337, 338, 340, 342, 343, 344, 345, 348, 349, 350, 351, 352, 353, 356, 357, 358, 362, 363, 364, 365, 366, 367, 370, 371, 372, 373, 374, 375, 376, 381, 382, 383, 385, 386, 389, 393, 395, 398]
(Iter. 14) BestSol = Solution: cost=[14587.0], size=[248], elements=[2, 5, 7, 8, 9, 10, 11, 12, 13, 14, 16, 17, 18, 20, 21, 23, 24, 27, 28, 29, 30, 33, 34, 35, 36, 39, 40, 44, 45, 46, 47, 49, 50, 52, 53, 57, 58, 59, 60, 61, 62, 65, 66, 67, 68, 71, 72, 73, 74, 76, 78, 79, 82, 83, 84, 86, 87, 88, 91, 93, 95, 96, 101, 105, 106, 107, 109, 111, 112, 116, 117, 118, 120, 121, 122, 123, 124, 125, 126, 127, 129, 130, 132, 136, 138, 139, 143, 145, 148, 149, 150, 152, 155, 157, 158, 163, 165, 166, 167, 168, 169, 170, 172, 174, 175, 176, 177, 178, 179, 180, 181, 182, 183, 191, 194, 195, 199, 200, 201, 202, 204, 205, 206, 207, 208, 209, 211, 212, 213, 215, 216, 219, 221, 224, 226, 227, 228, 229, 230, 232, 234, 235, 236, 237, 238, 240, 241, 243, 245, 246, 247, 251, 253, 254, 256, 257, 258, 259, 260, 261, 263, 264, 265, 267, 268, 270, 271, 272, 274, 275, 276, 278, 279, 280, 281, 282, 283, 284, 285, 288, 290, 291, 292, 293, 294, 295, 298, 300, 301, 302, 303, 304, 305, 306, 307, 308, 309, 312, 314, 317, 318, 319, 320, 322, 324, 325, 329, 332, 333, 334, 335, 336, 337, 338, 340, 342, 343, 344, 346, 348, 349, 350, 351, 353, 356, 357, 358, 362, 363, 364, 365, 366, 367, 370, 371, 372, 373, 374, 375, 376, 381, 382, 385, 386, 389, 393, 395, 398]
(Iter. 79) BestSol = Solution: cost=[14588.0], size=[252], elements=[2, 5, 7, 8, 9, 10, 11, 12, 13, 14, 16, 17, 18, 20, 21, 23, 24, 27, 28, 29, 30, 33, 34, 35, 36, 39, 40, 42, 44, 45, 46, 47, 49, 50, 52, 53, 57, 58, 59, 60, 61, 62, 65, 66, 67, 68, 71, 73, 74, 76, 78, 79, 82, 83, 84, 85, 86, 87, 88, 91, 93, 95, 96, 101, 105, 106, 107, 109, 111, 112, 115, 116, 117, 118, 120, 121, 122, 123, 125, 126, 129, 132, 135, 136, 138, 139, 141, 143, 145, 148, 149, 150, 152, 155, 157, 158, 163, 165, 166, 167, 168, 169, 170, 172, 174, 175, 176, 177, 178, 179, 180, 181, 182, 183, 185, 191, 194, 195, 199, 200, 201, 202, 204, 205, 206, 207, 208, 209, 211, 212, 213, 215, 216, 219, 221, 224, 226, 227, 228, 229, 230, 232, 234, 235, 236, 237, 238, 240, 241, 243, 245, 246, 247, 251, 253, 254, 256, 257, 258, 259, 260, 261, 263, 264, 265, 267, 268, 270, 271, 272, 274, 275, 276, 278, 279, 280, 281, 282, 283, 284, 285, 288, 290, 291, 292, 293, 294, 295, 298, 300, 301, 302, 303, 304, 305, 306, 307, 308, 309, 312, 314, 317, 318, 319, 320, 322, 324, 325, 329, 332, 333, 334, 335, 336, 337, 338, 340, 342, 343, 344, 346, 348, 349, 350, 351, 352, 353, 356, 357, 358, 362, 363, 364, 365, 366, 367, 370, 371, 372, 373, 374, 375, 376, 381, 382, 383, 385, 386, 389, 393, 395, 398]
(Iter. 179) BestSol = Solution: cost=[14589.0], size=[247], elements=[2, 4, 5, 6, 7, 8, 9, 10, 12, 13, 14, 16, 17, 18, 20, 23, 24, 27, 28, 29, 33, 34, 35, 36, 39, 40, 44, 45, 46, 47, 49, 50, 52, 53, 57, 58, 59, 60, 61, 62, 65, 66, 67, 68, 71, 72, 73, 74, 76, 78, 79, 82, 83, 84, 85, 86, 88, 91, 93, 95, 96, 101, 106, 107, 109, 111, 112, 115, 116, 117, 118, 120, 121, 122, 123, 125, 127, 129, 135, 136, 137, 138, 139, 143, 145, 148, 149, 150, 152, 155, 157, 158, 163, 165, 166, 167, 168, 169, 170, 172, 174, 175, 176, 177, 178, 179, 180, 181, 182, 183, 186, 191, 194, 195, 199, 200, 201, 202, 204, 205, 207, 208, 209, 211, 212, 213, 215, 216, 219, 221, 224, 226, 227, 228, 229, 230, 232, 234, 235, 236, 237, 238, 240, 241, 243, 245, 246, 247, 251, 253, 254, 256, 257, 258, 259, 260, 261, 263, 264, 265, 267, 268, 270, 272, 274, 275, 276, 277, 278, 279, 280, 281, 282, 283, 284, 285, 288, 290, 291, 292, 293, 294, 295, 298, 300, 301, 302, 303, 304, 305, 306, 307, 308, 309, 311, 312, 314, 317, 318, 319, 320, 322, 324, 325, 329, 332, 333, 334, 335, 336, 337, 338, 340, 342, 343, 344, 346, 348, 349, 350, 351, 353, 356, 357, 358, 362, 363, 364, 365, 366, 367, 371, 372, 373, 374, 375, 376, 381, 382, 383, 385, 386, 389, 390, 393, 395, 398]
Total time limit reached, stopping this instance.
Cost: 14589.0, Size: 247, Iterations: 229, Time: 1803.131s

Running PADRÃO+HC2...
(Iter. 0) BestSol = Solution: cost=[14538.0], size=[255], elements=[2, 5, 7, 8, 9, 10, 12, 13, 14, 16, 17, 18, 20, 21, 23, 24, 27, 28, 29, 33, 34, 35, 36, 39, 40, 44, 45, 46, 47, 49, 50, 52, 53, 57, 58, 59, 60, 61, 62, 65, 66, 67, 68, 71, 72, 73, 74, 76, 78, 79, 82, 83, 84, 86, 87, 88, 91, 92, 93, 95, 96, 100, 101, 105, 106, 107, 109, 111, 112, 115, 116, 117, 118, 120, 121, 122, 123, 125, 126, 127, 129, 130, 132, 135, 136, 137, 138, 139, 143, 145, 148, 149, 150, 152, 155, 156, 157, 158, 163, 165, 166, 167, 168, 169, 170, 172, 174, 175, 176, 177, 178, 179, 180, 181, 182, 183, 185, 186, 191, 194, 195, 199, 200, 201, 202, 204, 205, 206, 207, 208, 209, 211, 212, 213, 215, 216, 219, 221, 224, 226, 227, 228, 229, 230, 232, 234, 235, 236, 237, 238, 240, 241, 243, 245, 246, 247, 251, 253, 254, 256, 257, 258, 259, 260, 261, 263, 264, 265, 267, 268, 270, 271, 272, 274, 275, 276, 278, 279, 280, 281, 282, 283, 284, 285, 288, 290, 291, 292, 293, 294, 295, 298, 300, 301, 302, 303, 304, 305, 306, 307, 308, 309, 311, 312, 314, 317, 318, 319, 320, 322, 324, 325, 329, 332, 333, 334, 335, 336, 337, 338, 340, 342, 343, 344, 346, 348, 349, 350, 351, 352, 353, 356, 357, 358, 362, 363, 364, 365, 366, 367, 371, 373, 374, 375, 376, 381, 382, 383, 385, 386, 389, 390, 393, 395, 398]
(Iter. 2) BestSol = Solution: cost=[14542.0], size=[252], elements=[2, 5, 7, 8, 9, 10, 11, 12, 13, 14, 16, 17, 18, 20, 21, 22, 23, 24, 27, 28, 29, 33, 34, 35, 36, 39, 40, 44, 45, 46, 47, 49, 50, 52, 53, 57, 58, 59, 60, 61, 62, 65, 66, 67, 68, 71, 72, 74, 76, 78, 79, 82, 83, 84, 86, 87, 88, 91, 92, 93, 95, 96, 101, 105, 106, 107, 109, 110, 111, 112, 116, 117, 118, 119, 120, 121, 122, 123, 125, 126, 129, 130, 132, 136, 137, 138, 139, 141, 143, 145, 148, 149, 150, 152, 155, 157, 158, 163, 165, 166, 167, 168, 169, 170, 172, 174, 175, 177, 178, 179, 180, 181, 182, 183, 185, 190, 191, 194, 195, 199, 200, 201, 202, 204, 205, 206, 207, 208, 209, 211, 212, 213, 215, 216, 219, 221, 224, 226, 227, 228, 229, 230, 232, 234, 235, 237, 238, 240, 241, 243, 245, 246, 247, 251, 253, 254, 256, 257, 258, 259, 260, 261, 263, 264, 265, 267, 268, 270, 271, 272, 274, 275, 276, 278, 279, 280, 281, 282, 283, 284, 285, 288, 290, 291, 292, 293, 294, 295, 300, 301, 302, 303, 304, 305, 306, 307, 308, 309, 311, 312, 314, 317, 319, 320, 322, 324, 325, 329, 331, 332, 333, 335, 336, 337, 338, 340, 342, 343, 344, 348, 349, 350, 351, 352, 353, 356, 357, 358, 362, 363, 364, 365, 366, 367, 370, 371, 372, 373, 374, 375, 376, 381, 382, 383, 385, 386, 389, 390, 392, 393, 395, 398]
(Iter. 4) BestSol = Solution: cost=[14566.0], size=[249], elements=[2, 5, 7, 8, 9, 10, 11, 12, 13, 14, 16, 18, 20, 21, 23, 24, 27, 28, 29, 30, 33, 34, 35, 36, 39, 40, 44, 45, 46, 47, 49, 50, 52, 53, 57, 58, 59, 60, 61, 62, 65, 66, 67, 68, 71, 72, 73, 74, 76, 78, 79, 82, 83, 84, 85, 86, 87, 88, 92, 93, 95, 96, 101, 105, 106, 107, 109, 111, 112, 115, 116, 117, 118, 119, 120, 121, 122, 123, 125, 126, 129, 132, 135, 136, 138, 139, 141, 143, 145, 148, 149, 150, 152, 155, 157, 158, 163, 165, 166, 167, 168, 169, 170, 172, 174, 175, 177, 178, 179, 180, 181, 182, 183, 185, 191, 194, 195, 199, 200, 201, 202, 204, 205, 206, 207, 208, 209, 211, 212, 213, 215, 216, 219, 221, 224, 226, 227, 228, 229, 230, 232, 234, 235, 237, 238, 240, 241, 243, 245, 246, 247, 251, 253, 254, 256, 257, 258, 259, 260, 261, 263, 264, 265, 267, 268, 270, 271, 272, 274, 275, 276, 277, 278, 279, 280, 281, 282, 283, 284, 285, 288, 290, 291, 292, 294, 295, 300, 301, 302, 303, 304, 305, 306, 307, 308, 309, 311, 312, 314, 317, 318, 319, 320, 322, 324, 325, 329, 332, 333, 334, 335, 336, 337, 338, 340, 342, 343, 344, 348, 349, 350, 351, 352, 353, 356, 357, 358, 362, 363, 364, 365, 366, 367, 370, 371, 372, 374, 375, 376, 381, 382, 383, 385, 386, 389, 392, 393, 395, 398]
(Iter. 11) BestSol = Solution: cost=[14573.0], size=[249], elements=[2, 5, 7, 8, 9, 10, 11, 12, 13, 14, 16, 17, 18, 20, 21, 22, 23, 24, 27, 28, 29, 30, 33, 34, 35, 36, 39, 40, 42, 44, 45, 46, 47, 49, 50, 52, 53, 57, 58, 59, 60, 61, 62, 65, 66, 67, 68, 71, 72, 74, 76, 78, 79, 82, 84, 85, 86, 87, 88, 91, 93, 95, 96, 101, 103, 105, 106, 107, 109, 111, 112, 116, 117, 118, 120, 121, 122, 123, 125, 126, 127, 129, 132, 136, 138, 139, 141, 143, 145, 148, 150, 152, 155, 157, 158, 163, 165, 166, 167, 168, 169, 170, 172, 174, 175, 176, 177, 178, 179, 180, 181, 182, 183, 185, 191, 194, 195, 199, 200, 201, 202, 204, 205, 206, 207, 208, 209, 211, 212, 213, 215, 216, 219, 221, 224, 226, 227, 228, 229, 230, 232, 234, 235, 236, 237, 238, 240, 241, 243, 245, 246, 247, 251, 253, 254, 256, 257, 258, 259, 260, 261, 263, 264, 265, 267, 268, 270, 271, 272, 274, 275, 276, 278, 279, 280, 281, 282, 283, 284, 285, 288, 290, 291, 292, 294, 295, 298, 300, 301, 302, 303, 304, 305, 306, 307, 308, 309, 312, 314, 317, 318, 319, 320, 322, 324, 325, 329, 332, 333, 334, 335, 336, 337, 338, 340, 342, 343, 344, 348, 349, 350, 351, 352, 353, 356, 357, 358, 362, 363, 364, 365, 366, 367, 370, 371, 372, 373, 374, 375, 376, 381, 382, 383, 385, 386, 389, 393, 395, 398]
(Iter. 25) BestSol = Solution: cost=[14579.0], size=[251], elements=[2, 5, 7, 8, 9, 10, 11, 12, 13, 14, 16, 17, 18, 20, 21, 23, 24, 27, 28, 29, 30, 33, 34, 35, 36, 39, 40, 42, 44, 45, 46, 47, 49, 50, 52, 53, 57, 58, 59, 60, 61, 62, 65, 66, 67, 68, 71, 72, 74, 76, 78, 79, 82, 83, 84, 86, 87, 88, 91, 93, 95, 96, 100, 101, 105, 106, 107, 109, 111, 112, 115, 116, 117, 118, 120, 121, 122, 123, 125, 126, 127, 129, 130, 132, 136, 138, 139, 141, 143, 145, 148, 149, 150, 152, 155, 157, 158, 163, 165, 166, 167, 168, 169, 170, 172, 174, 175, 176, 177, 178, 179, 180, 181, 182, 183, 185, 191, 194, 195, 199, 200, 201, 202, 204, 205, 206, 207, 208, 209, 211, 212, 213, 215, 216, 219, 221, 224, 226, 227, 228, 229, 230, 232, 234, 235, 236, 237, 238, 240, 241, 243, 245, 246, 247, 251, 253, 254, 256, 257, 258, 259, 260, 261, 263, 264, 265, 267, 268, 270, 271, 272, 274, 275, 276, 278, 279, 280, 281, 282, 283, 284, 285, 288, 290, 291, 292, 293, 294, 295, 298, 300, 301, 302, 303, 304, 305, 306, 307, 308, 309, 312, 314, 317, 318, 319, 320, 322, 324, 325, 329, 332, 333, 334, 335, 336, 337, 338, 340, 342, 343, 344, 346, 348, 349, 350, 351, 352, 353, 356, 357, 358, 362, 363, 364, 365, 366, 367, 370, 371, 373, 374, 375, 376, 381, 382, 385, 386, 389, 393, 395, 398]
(Iter. 38) BestSol = Solution: cost=[14580.0], size=[252], elements=[2, 5, 7, 8, 9, 10, 11, 12, 13, 14, 16, 17, 18, 20, 21, 23, 24, 27, 28, 29, 30, 33, 34, 35, 36, 39, 40, 42, 44, 45, 46, 47, 49, 50, 52, 53, 57, 58, 59, 60, 61, 62, 65, 66, 67, 68, 71, 72, 74, 76, 78, 79, 82, 83, 84, 85, 86, 87, 88, 91, 93, 95, 96, 101, 105, 106, 107, 109, 111, 112, 116, 117, 118, 120, 121, 122, 123, 125, 126, 127, 129, 130, 132, 136, 138, 139, 141, 143, 145, 148, 149, 150, 152, 155, 157, 158, 163, 165, 166, 167, 168, 169, 170, 172, 174, 175, 176, 177, 178, 179, 180, 181, 182, 183, 185, 191, 194, 195, 199, 200, 201, 202, 204, 205, 206, 207, 208, 209, 211, 212, 213, 215, 216, 219, 221, 224, 226, 227, 228, 229, 230, 232, 234, 235, 236, 237, 238, 240, 241, 243, 245, 246, 247, 251, 253, 254, 256, 257, 258, 259, 260, 261, 263, 264, 265, 267, 268, 270, 271, 272, 274, 275, 276, 278, 279, 280, 281, 282, 283, 284, 285, 288, 290, 291, 292, 293, 294, 295, 298, 300, 301, 302, 303, 304, 305, 306, 307, 308, 309, 312, 314, 317, 318, 319, 320, 322, 324, 325, 329, 332, 333, 334, 335, 336, 337, 338, 340, 342, 343, 344, 346, 348, 349, 350, 351, 352, 353, 356, 357, 358, 362, 363, 364, 365, 366, 367, 370, 371, 372, 373, 374, 375, 376, 381, 382, 383, 385, 386, 389, 393, 395, 398]
(Iter. 87) BestSol = Solution: cost=[14589.0], size=[247], elements=[2, 4, 5, 6, 7, 8, 9, 10, 12, 13, 14, 16, 17, 18, 20, 23, 24, 27, 28, 29, 33, 34, 35, 36, 39, 40, 44, 45, 46, 47, 49, 50, 52, 53, 57, 58, 59, 60, 61, 62, 65, 66, 67, 68, 71, 72, 73, 74, 76, 78, 79, 82, 83, 84, 85, 86, 88, 91, 93, 95, 96, 101, 106, 107, 109, 111, 112, 115, 116, 117, 118, 120, 121, 122, 123, 125, 127, 129, 135, 136, 137, 138, 139, 143, 145, 148, 149, 150, 152, 155, 157, 158, 163, 165, 166, 167, 168, 169, 170, 172, 174, 175, 176, 177, 178, 179, 180, 181, 182, 183, 186, 191, 194, 195, 199, 200, 201, 202, 204, 205, 207, 208, 209, 211, 212, 213, 215, 216, 219, 221, 224, 226, 227, 228, 229, 230, 232, 234, 235, 236, 237, 238, 240, 241, 243, 245, 246, 247, 251, 253, 254, 256, 257, 258, 259, 260, 261, 263, 264, 265, 267, 268, 270, 272, 274, 275, 276, 277, 278, 279, 280, 281, 282, 283, 284, 285, 288, 290, 291, 292, 293, 294, 295, 298, 300, 301, 302, 303, 304, 305, 306, 307, 308, 309, 311, 312, 314, 317, 318, 319, 320, 322, 324, 325, 329, 332, 333, 334, 335, 336, 337, 338, 340, 342, 343, 344, 346, 348, 349, 350, 351, 353, 356, 357, 358, 362, 363, 364, 365, 366, 367, 371, 372, 373, 374, 375, 376, 381, 382, 383, 385, 386, 389, 390, 393, 395, 398]
(Iter. 189) BestSol = Solution: cost=[14590.0], size=[249], elements=[2, 5, 7, 8, 9, 10, 11, 12, 13, 14, 16, 17, 18, 20, 21, 23, 24, 27, 28, 29, 30, 33, 34, 35, 36, 39, 40, 44, 45, 46, 47, 49, 50, 52, 53, 57, 58, 59, 60, 61, 62, 65, 66, 67, 68, 71, 72, 73, 74, 76, 78, 79, 82, 83, 84, 85, 86, 87, 88, 91, 93, 95, 96, 101, 105, 106, 107, 109, 111, 112, 115, 116, 117, 118, 120, 121, 122, 123, 125, 126, 129, 132, 135, 136, 138, 139, 141, 143, 145, 148, 149, 150, 152, 155, 157, 158, 163, 165, 166, 167, 168, 169, 170, 172, 174, 175, 176, 177, 178, 179, 180, 181, 182, 183, 191, 194, 195, 199, 200, 201, 202, 204, 205, 206, 207, 208, 209, 211, 212, 213, 215, 216, 219, 221, 224, 226, 227, 228, 229, 230, 232, 234, 235, 236, 237, 238, 240, 241, 243, 245, 246, 247, 251, 253, 254, 256, 257, 258, 259, 260, 261, 263, 264, 265, 267, 268, 270, 271, 272, 274, 275, 276, 278, 279, 280, 281, 282, 283, 284, 285, 288, 290, 291, 292, 293, 294, 295, 298, 300, 301, 302, 303, 304, 305, 306, 307, 308, 309, 312, 314, 317, 318, 319, 320, 322, 324, 325, 329, 332, 333, 334, 335, 336, 337, 338, 340, 342, 343, 344, 348, 349, 350, 351, 352, 353, 356, 357, 358, 362, 363, 364, 365, 366, 367, 370, 371, 372, 373, 374, 375, 376, 381, 382, 385, 386, 389, 393, 395, 398]
Total time limit reached, stopping this instance.
Cost: 14590.0, Size: 249, Iterations: 234, Time: 1806.958s

Running PADRÃO+HC3...
(Iter. 0) BestSol = Solution: cost=[14498.0], size=[258], elements=[2, 5, 6, 7, 8, 9, 10, 12, 13, 14, 15, 16, 18, 20, 22, 23, 24, 27, 28, 29, 33, 34, 35, 36, 38, 39, 40, 42, 44, 45, 46, 47, 49, 50, 52, 53, 57, 58, 59, 60, 61, 62, 65, 66, 67, 68, 71, 72, 74, 76, 77, 78, 79, 82, 83, 84, 85, 86, 87, 88, 90, 91, 92, 93, 95, 96, 100, 101, 102, 103, 105, 106, 107, 109, 111, 112, 116, 117, 118, 119, 120, 121, 122, 123, 125, 126, 127, 129, 130, 132, 136, 138, 139, 143, 150, 152, 155, 156, 157, 158, 159, 163, 165, 166, 167, 168, 169, 170, 172, 174, 175, 176, 177, 178, 179, 180, 181, 182, 183, 185, 190, 191, 194, 195, 196, 199, 200, 201, 202, 204, 205, 206, 207, 208, 209, 211, 212, 213, 215, 216, 219, 221, 224, 226, 227, 228, 229, 230, 232, 234, 235, 236, 237, 238, 240, 241, 243, 246, 247, 251, 253, 254, 255, 256, 257, 258, 259, 260, 261, 263, 264, 265, 267, 268, 270, 271, 272, 274, 275, 276, 278, 279, 280, 281, 282, 283, 284, 285, 286, 288, 290, 291, 292, 293, 294, 295, 298, 300, 301, 302, 303, 304, 305, 306, 307, 309, 311, 312, 314, 315, 317, 318, 319, 320, 322, 324, 325, 329, 332, 333, 335, 336, 337, 338, 340, 342, 343, 344, 348, 349, 350, 351, 352, 353, 357, 358, 362, 363, 364, 365, 366, 367, 371, 372, 373, 374, 375, 376, 378, 381, 382, 383, 385, 386, 389, 392, 393, 395]
(Iter. 1) BestSol = Solution: cost=[14548.0], size=[256], elements=[2, 5, 7, 8, 9, 10, 11, 12, 13, 14, 16, 17, 18, 20, 21, 23, 24, 27, 28, 29, 30, 33, 34, 35, 36, 39, 40, 42, 44, 45, 46, 47, 49, 50, 52, 53, 57, 58, 59, 60, 61, 62, 65, 66, 67, 68, 71, 74, 76, 78, 79, 82, 83, 84, 86, 87, 88, 91, 92, 93, 95, 96, 101, 103, 105, 106, 107, 109, 111, 112, 115, 116, 117, 118, 120, 121, 122, 123, 125, 126, 127, 129, 130, 132, 135, 136, 138, 139, 141, 143, 145, 148, 149, 150, 152, 155, 156, 157, 158, 163, 165, 166, 167, 168, 169, 170, 172, 174, 175, 176, 177, 178, 179, 180, 181, 182, 183, 185, 190, 191, 194, 195, 199, 200, 201, 202, 204, 205, 206, 207, 208, 209, 211, 212, 213, 215, 216, 219, 221, 224, 226, 227, 228, 229, 230, 232, 234, 235, 237, 238, 240, 241, 243, 246, 247, 251, 253, 254, 256, 257, 258, 259, 260, 261, 263, 264, 265, 267, 268, 270, 271, 272, 274, 275, 276, 278, 279, 280, 281, 282, 283, 284, 285, 288, 290, 291, 292, 293, 294, 295, 298, 300, 301, 302, 303, 304, 305, 306, 307, 308, 309, 312, 314, 317, 318, 319, 320, 322, 324, 325, 329, 331, 332, 333, 334, 335, 336, 337, 338, 340, 342, 343, 344, 346, 348, 349, 350, 351, 352, 353, 356, 357, 358, 362, 363, 364, 365, 366, 367, 370, 371, 373, 374, 375, 376, 381, 382, 383, 385, 386, 389, 392, 393, 394, 395, 398]
(Iter. 8) BestSol = Solution: cost=[14559.0], size=[247], elements=[2, 5, 7, 8, 9, 10, 11, 12, 13, 14, 16, 17, 18, 20, 21, 22, 23, 24, 27, 28, 29, 33, 34, 35, 36, 39, 40, 44, 45, 46, 47, 49, 50, 52, 53, 57, 58, 59, 60, 61, 62, 65, 66, 67, 68, 71, 72, 74, 76, 78, 79, 82, 83, 84, 85, 86, 87, 88, 91, 93, 95, 96, 101, 103, 105, 106, 107, 109, 111, 112, 116, 117, 118, 119, 120, 121, 122, 123, 125, 126, 127, 129, 132, 136, 138, 139, 141, 143, 148, 149, 150, 152, 155, 157, 158, 163, 165, 166, 167, 168, 169, 170, 172, 174, 175, 177, 178, 179, 180, 181, 182, 183, 191, 194, 195, 199, 200, 201, 202, 204, 205, 206, 207, 208, 209, 211, 212, 213, 215, 216, 219, 221, 224, 226, 227, 228, 229, 230, 232, 234, 235, 236, 237, 238, 240, 241, 243, 245, 246, 247, 251, 253, 254, 256, 257, 258, 259, 260, 261, 263, 264, 265, 267, 268, 270, 271, 272, 274, 275, 276, 278, 279, 280, 281, 282, 283, 284, 285, 288, 290, 291, 292, 294, 295, 298, 300, 301, 303, 304, 305, 306, 307, 308, 309, 311, 312, 314, 317, 318, 319, 320, 322, 324, 325, 329, 332, 333, 334, 335, 336, 337, 338, 340, 342, 343, 344, 348, 349, 350, 351, 352, 353, 356, 357, 358, 362, 363, 364, 365, 366, 367, 370, 371, 372, 374, 375, 376, 381, 382, 383, 385, 386, 389, 392, 393, 395, 398]
(Iter. 12) BestSol = Solution: cost=[14566.0], size=[249], elements=[2, 5, 7, 8, 9, 10, 11, 12, 13, 14, 16, 18, 20, 21, 23, 24, 27, 28, 29, 30, 33, 34, 35, 36, 39, 40, 44, 45, 46, 47, 49, 50, 52, 53, 57, 58, 59, 60, 61, 62, 65, 66, 67, 68, 71, 72, 73, 74, 76, 78, 79, 82, 83, 84, 85, 86, 87, 88, 92, 93, 95, 96, 101, 105, 106, 107, 109, 111, 112, 115, 116, 117, 118, 119, 120, 121, 122, 123, 125, 126, 129, 132, 135, 136, 138, 139, 141, 143, 145, 148, 149, 150, 152, 155, 157, 158, 163, 165, 166, 167, 168, 169, 170, 172, 174, 175, 177, 178, 179, 180, 181, 182, 183, 185, 191, 194, 195, 199, 200, 201, 202, 204, 205, 206, 207, 208, 209, 211, 212, 213, 215, 216, 219, 221, 224, 226, 227, 228, 229, 230, 232, 234, 235, 237, 238, 240, 241, 243, 245, 246, 247, 251, 253, 254, 256, 257, 258, 259, 260, 261, 263, 264, 265, 267, 268, 270, 271, 272, 274, 275, 276, 277, 278, 279, 280, 281, 282, 283, 284, 285, 288, 290, 291, 292, 294, 295, 300, 301, 302, 303, 304, 305, 306, 307, 308, 309, 311, 312, 314, 317, 318, 319, 320, 322, 324, 325, 329, 332, 333, 334, 335, 336, 337, 338, 340, 342, 343, 344, 348, 349, 350, 351, 352, 353, 356, 357, 358, 362, 363, 364, 365, 366, 367, 370, 371, 372, 374, 375, 376, 381, 382, 383, 385, 386, 389, 392, 393, 395, 398]
(Iter. 22) BestSol = Solution: cost=[14573.0], size=[249], elements=[2, 5, 7, 8, 9, 10, 11, 12, 13, 14, 16, 17, 18, 20, 21, 22, 23, 24, 27, 28, 29, 30, 33, 34, 35, 36, 39, 40, 42, 44, 45, 46, 47, 49, 50, 52, 53, 57, 58, 59, 60, 61, 62, 65, 66, 67, 68, 71, 72, 74, 76, 78, 79, 82, 84, 85, 86, 87, 88, 91, 93, 95, 96, 101, 103, 105, 106, 107, 109, 111, 112, 116, 117, 118, 120, 121, 122, 123, 125, 126, 127, 129, 132, 136, 138, 139, 141, 143, 145, 148, 150, 152, 155, 157, 158, 163, 165, 166, 167, 168, 169, 170, 172, 174, 175, 176, 177, 178, 179, 180, 181, 182, 183, 185, 191, 194, 195, 199, 200, 201, 202, 204, 205, 206, 207, 208, 209, 211, 212, 213, 215, 216, 219, 221, 224, 226, 227, 228, 229, 230, 232, 234, 235, 236, 237, 238, 240, 241, 243, 245, 246, 247, 251, 253, 254, 256, 257, 258, 259, 260, 261, 263, 264, 265, 267, 268, 270, 271, 272, 274, 275, 276, 278, 279, 280, 281, 282, 283, 284, 285, 288, 290, 291, 292, 294, 295, 298, 300, 301, 302, 303, 304, 305, 306, 307, 308, 309, 312, 314, 317, 318, 319, 320, 322, 324, 325, 329, 332, 333, 334, 335, 336, 337, 338, 340, 342, 343, 344, 348, 349, 350, 351, 352, 353, 356, 357, 358, 362, 363, 364, 365, 366, 367, 370, 371, 372, 373, 374, 375, 376, 381, 382, 383, 385, 386, 389, 393, 395, 398]
(Iter. 46) BestSol = Solution: cost=[14590.0], size=[249], elements=[2, 5, 7, 8, 9, 10, 11, 12, 13, 14, 16, 17, 18, 20, 21, 23, 24, 27, 28, 29, 30, 33, 34, 35, 36, 39, 40, 44, 45, 46, 47, 49, 50, 52, 53, 57, 58, 59, 60, 61, 62, 65, 66, 67, 68, 71, 72, 73, 74, 76, 78, 79, 82, 83, 84, 85, 86, 87, 88, 91, 93, 95, 96, 101, 105, 106, 107, 109, 111, 112, 115, 116, 117, 118, 120, 121, 122, 123, 125, 126, 129, 132, 135, 136, 138, 139, 141, 143, 145, 148, 149, 150, 152, 155, 157, 158, 163, 165, 166, 167, 168, 169, 170, 172, 174, 175, 176, 177, 178, 179, 180, 181, 182, 183, 191, 194, 195, 199, 200, 201, 202, 204, 205, 206, 207, 208, 209, 211, 212, 213, 215, 216, 219, 221, 224, 226, 227, 228, 229, 230, 232, 234, 235, 236, 237, 238, 240, 241, 243, 245, 246, 247, 251, 253, 254, 256, 257, 258, 259, 260, 261, 263, 264, 265, 267, 268, 270, 271, 272, 274, 275, 276, 278, 279, 280, 281, 282, 283, 284, 285, 288, 290, 291, 292, 293, 294, 295, 298, 300, 301, 302, 303, 304, 305, 306, 307, 308, 309, 312, 314, 317, 318, 319, 320, 322, 324, 325, 329, 332, 333, 334, 335, 336, 337, 338, 340, 342, 343, 344, 348, 349, 350, 351, 352, 353, 356, 357, 358, 362, 363, 364, 365, 366, 367, 370, 371, 372, 373, 374, 375, 376, 381, 382, 385, 386, 389, 393, 395, 398]
Total time limit reached, stopping this instance.
Cost: 14590.0, Size: 249, Iterations: 231, Time: 1800.648s

================================================================================
RESULTS SUMMARY
================================================================================
Configuration   Cost       Size   Time(s)  Iterations Feasible  
--------------------------------------------------------------------------------
PADRÃO          14590.00   249    1801.255 229        1         
PADRÃO+ALPHA    14590.00   249    1805.883 228        1         
PADRÃO+BEST     14544.00   249    1883.597 3          1         
PADRÃO+HC1      14589.00   247    1803.131 229        1         
PADRÃO+HC2      14590.00   249    1806.958 234        1         
PADRÃO+HC3      14590.00   249    1800.648 231        1         
