Running computational experiments...
============================================================

------------------------------------------------------------
File: ../../instances/15_qbf_sc_instances/instance-14.txt
------------------------------------------------------------

Running PADRÃO+HC1...
(Iter. 0) BestSol = Solution: cost=[14821.0], size=[252], elements=[2, 3, 5, 7, 8, 9, 10, 12, 13, 14, 15, 16, 18, 22, 23, 24, 25, 28, 29, 30, 31, 32, 34, 35, 36, 37, 38, 42, 43, 47, 48, 50, 52, 54, 57, 58, 59, 60, 62, 63, 64, 65, 66, 67, 68, 69, 70, 72, 73, 76, 77, 79, 80, 81, 83, 84, 85, 88, 90, 92, 94, 96, 97, 98, 99, 101, 103, 104, 105, 107, 108, 109, 110, 111, 112, 113, 116, 118, 119, 121, 122, 123, 125, 127, 129, 130, 131, 133, 136, 139, 140, 141, 144, 145, 146, 147, 148, 149, 150, 151, 153, 155, 157, 158, 159, 160, 164, 165, 166, 167, 168, 169, 171, 172, 173, 174, 175, 178, 179, 180, 181, 182, 183, 184, 186, 187, 190, 192, 194, 195, 197, 199, 200, 204, 205, 208, 209, 210, 216, 217, 218, 219, 220, 222, 225, 228, 229, 230, 231, 233, 237, 242, 244, 245, 246, 247, 251, 254, 256, 259, 260, 264, 266, 268, 269, 272, 274, 275, 276, 277, 278, 281, 283, 285, 286, 287, 289, 291, 292, 293, 294, 295, 296, 297, 298, 300, 301, 302, 303, 305, 311, 312, 314, 320, 321, 322, 323, 324, 325, 327, 328, 329, 330, 332, 333, 334, 335, 336, 337, 338, 340, 342, 343, 346, 347, 349, 350, 351, 352, 353, 355, 356, 358, 359, 360, 361, 362, 364, 365, 368, 369, 373, 374, 376, 377, 378, 381, 382, 383, 385, 386, 387, 388, 389, 390, 391, 392, 393, 394, 397, 398, 399]
(Iter. 1) BestSol = Solution: cost=[14874.0], size=[253], elements=[0, 2, 3, 5, 7, 8, 9, 10, 12, 13, 14, 15, 16, 18, 22, 23, 24, 25, 26, 28, 29, 30, 31, 32, 34, 35, 36, 37, 38, 42, 47, 48, 50, 52, 54, 57, 58, 59, 60, 63, 64, 65, 66, 67, 68, 69, 70, 71, 72, 73, 76, 77, 79, 81, 83, 84, 85, 88, 90, 92, 94, 96, 97, 98, 99, 101, 103, 104, 105, 108, 109, 110, 111, 112, 113, 116, 118, 119, 120, 121, 122, 125, 127, 128, 130, 131, 133, 136, 139, 140, 141, 142, 144, 145, 146, 147, 148, 149, 150, 151, 157, 158, 159, 160, 164, 165, 166, 167, 168, 169, 170, 171, 172, 173, 174, 175, 176, 177, 178, 179, 180, 181, 182, 183, 184, 186, 187, 190, 192, 194, 195, 197, 199, 200, 203, 204, 205, 206, 207, 209, 210, 216, 217, 218, 219, 220, 222, 225, 228, 229, 230, 231, 233, 236, 237, 238, 242, 244, 245, 246, 247, 248, 251, 253, 254, 256, 259, 260, 264, 266, 268, 269, 272, 274, 275, 276, 278, 281, 283, 285, 286, 287, 289, 291, 292, 293, 294, 295, 296, 297, 298, 300, 301, 302, 303, 305, 311, 312, 314, 320, 322, 323, 325, 327, 328, 329, 330, 332, 333, 334, 335, 336, 337, 338, 340, 342, 343, 346, 347, 349, 350, 351, 352, 353, 355, 356, 358, 360, 361, 362, 364, 368, 369, 373, 374, 376, 377, 378, 381, 382, 383, 385, 386, 388, 389, 390, 391, 392, 393, 394, 397, 398, 399]
(Iter. 3) BestSol = Solution: cost=[14901.0], size=[249], elements=[0, 2, 3, 5, 7, 8, 9, 10, 12, 13, 14, 15, 16, 18, 22, 23, 24, 25, 28, 29, 30, 31, 32, 34, 35, 37, 38, 42, 47, 48, 50, 52, 54, 57, 58, 59, 60, 61, 63, 64, 65, 66, 67, 68, 69, 70, 71, 72, 73, 74, 76, 77, 79, 81, 83, 84, 85, 88, 92, 94, 96, 97, 98, 99, 101, 103, 104, 105, 108, 109, 110, 111, 112, 113, 116, 118, 119, 120, 121, 122, 124, 125, 127, 128, 130, 131, 133, 136, 139, 140, 141, 144, 145, 146, 147, 148, 149, 150, 151, 157, 158, 159, 160, 164, 165, 166, 167, 168, 169, 170, 171, 172, 173, 174, 175, 176, 177, 178, 179, 180, 181, 182, 183, 184, 186, 187, 190, 192, 194, 195, 196, 197, 199, 200, 203, 204, 205, 206, 207, 209, 210, 216, 217, 218, 219, 220, 222, 225, 228, 229, 230, 231, 236, 237, 238, 242, 245, 246, 247, 251, 253, 254, 256, 259, 260, 264, 266, 268, 269, 272, 274, 275, 276, 278, 281, 283, 285, 286, 287, 289, 291, 292, 293, 294, 295, 296, 297, 300, 301, 302, 303, 305, 311, 312, 314, 320, 321, 322, 323, 325, 327, 328, 329, 330, 332, 333, 334, 335, 336, 337, 338, 340, 342, 343, 346, 347, 349, 350, 351, 352, 353, 355, 356, 358, 360, 362, 364, 368, 369, 373, 374, 376, 377, 378, 381, 382, 383, 385, 386, 388, 389, 390, 391, 392, 393, 394, 397, 398, 399]
(Iter. 35) BestSol = Solution: cost=[14907.0], size=[248], elements=[0, 2, 3, 5, 7, 8, 9, 12, 13, 14, 15, 16, 18, 22, 23, 24, 25, 28, 29, 30, 31, 34, 35, 37, 38, 42, 47, 48, 49, 50, 52, 54, 57, 58, 59, 60, 61, 63, 64, 65, 66, 67, 68, 69, 70, 71, 72, 73, 74, 76, 77, 79, 80, 81, 83, 84, 85, 88, 92, 94, 96, 97, 99, 101, 103, 104, 105, 107, 108, 110, 111, 112, 113, 116, 118, 119, 120, 121, 122, 123, 124, 125, 127, 130, 131, 133, 136, 139, 140, 141, 142, 144, 145, 146, 147, 148, 149, 150, 151, 157, 158, 159, 160, 164, 165, 167, 168, 169, 171, 173, 174, 175, 178, 179, 180, 181, 182, 183, 184, 186, 187, 190, 192, 194, 195, 196, 197, 198, 199, 200, 203, 204, 205, 206, 207, 209, 210, 216, 217, 218, 219, 220, 222, 225, 228, 229, 230, 231, 236, 237, 242, 245, 246, 247, 251, 253, 254, 256, 259, 260, 263, 264, 266, 268, 269, 272, 274, 275, 276, 278, 281, 283, 285, 286, 287, 289, 291, 292, 293, 294, 295, 296, 297, 300, 301, 302, 303, 305, 311, 312, 314, 315, 318, 319, 320, 321, 322, 323, 325, 327, 328, 329, 330, 332, 333, 334, 335, 336, 337, 338, 340, 342, 343, 346, 347, 349, 350, 351, 352, 353, 355, 356, 358, 360, 362, 364, 368, 369, 373, 374, 376, 377, 378, 381, 382, 383, 385, 386, 388, 389, 390, 391, 392, 393, 394, 397, 398, 399]
(Iter. 45) BestSol = Solution: cost=[14919.0], size=[246], elements=[0, 2, 3, 5, 7, 8, 9, 12, 13, 14, 15, 16, 18, 22, 23, 24, 25, 28, 29, 30, 31, 34, 35, 37, 38, 42, 48, 49, 50, 52, 54, 57, 58, 59, 60, 61, 63, 64, 65, 66, 67, 68, 69, 70, 73, 74, 76, 77, 79, 80, 81, 83, 84, 85, 88, 90, 92, 94, 96, 97, 98, 99, 101, 103, 104, 105, 107, 108, 110, 111, 112, 113, 116, 118, 119, 121, 122, 124, 125, 127, 128, 130, 131, 133, 136, 139, 140, 141, 142, 144, 145, 146, 147, 148, 149, 150, 151, 157, 158, 159, 160, 164, 165, 167, 168, 169, 171, 173, 174, 175, 178, 179, 180, 181, 182, 183, 184, 186, 187, 189, 190, 192, 194, 195, 196, 197, 199, 200, 203, 204, 205, 206, 207, 209, 210, 216, 217, 218, 219, 222, 224, 225, 228, 229, 230, 231, 236, 237, 241, 242, 245, 246, 247, 251, 254, 256, 259, 260, 263, 264, 266, 268, 269, 272, 273, 274, 275, 276, 278, 281, 283, 285, 286, 287, 289, 291, 292, 293, 294, 295, 296, 297, 300, 301, 302, 303, 305, 311, 312, 314, 319, 320, 321, 322, 323, 324, 325, 327, 328, 329, 330, 332, 333, 334, 335, 336, 337, 338, 340, 342, 343, 346, 347, 349, 350, 351, 352, 353, 355, 356, 358, 360, 362, 364, 368, 369, 373, 374, 376, 377, 378, 381, 382, 383, 385, 386, 388, 389, 390, 391, 392, 393, 394, 397, 398, 399]
Total time limit reached, stopping this instance.
Cost: 14919.0, Size: 246, Iterations: 124, Time: 1811.685s

Running PADRÃO+HC2...
(Iter. 0) BestSol = Solution: cost=[14864.0], size=[253], elements=[0, 2, 3, 5, 7, 8, 9, 10, 12, 13, 14, 15, 16, 18, 22, 23, 24, 25, 28, 29, 30, 31, 32, 34, 35, 37, 38, 42, 47, 48, 50, 52, 54, 57, 58, 59, 60, 61, 62, 63, 64, 65, 66, 67, 68, 69, 70, 71, 72, 73, 76, 77, 79, 80, 81, 83, 84, 85, 88, 92, 94, 96, 97, 98, 99, 101, 103, 104, 105, 108, 109, 110, 111, 112, 113, 116, 118, 119, 120, 121, 122, 123, 124, 125, 127, 130, 131, 133, 136, 139, 140, 141, 142, 144, 145, 146, 147, 148, 149, 150, 151, 154, 155, 157, 158, 159, 160, 164, 165, 166, 167, 168, 169, 171, 172, 173, 174, 175, 177, 178, 179, 180, 181, 182, 183, 184, 186, 187, 190, 192, 194, 195, 197, 198, 199, 200, 204, 205, 207, 209, 210, 216, 217, 218, 219, 220, 222, 225, 228, 229, 230, 231, 233, 236, 237, 242, 244, 245, 246, 247, 251, 253, 254, 256, 259, 260, 264, 266, 268, 269, 272, 274, 275, 276, 278, 281, 283, 285, 286, 287, 291, 292, 293, 294, 295, 296, 297, 298, 300, 301, 302, 303, 305, 311, 312, 314, 315, 320, 321, 322, 323, 325, 327, 328, 329, 330, 332, 333, 334, 335, 336, 337, 338, 340, 342, 343, 346, 347, 349, 350, 351, 352, 353, 355, 356, 358, 360, 361, 362, 364, 365, 368, 369, 373, 374, 376, 377, 378, 381, 382, 383, 385, 386, 388, 389, 390, 391, 392, 393, 394, 397, 398, 399]
(Iter. 1) BestSol = Solution: cost=[14896.0], size=[254], elements=[0, 2, 3, 5, 7, 8, 9, 10, 12, 13, 14, 15, 16, 18, 22, 23, 24, 25, 28, 29, 30, 31, 32, 34, 35, 37, 38, 42, 45, 47, 48, 49, 50, 52, 54, 57, 58, 59, 60, 61, 63, 64, 65, 66, 67, 68, 69, 70, 71, 72, 73, 76, 77, 79, 81, 83, 84, 85, 86, 88, 92, 94, 96, 97, 98, 99, 101, 102, 103, 104, 105, 107, 108, 109, 110, 111, 112, 113, 116, 118, 119, 121, 122, 123, 124, 125, 127, 128, 130, 131, 133, 136, 139, 140, 141, 142, 144, 145, 146, 147, 148, 149, 150, 151, 155, 158, 159, 160, 164, 165, 166, 168, 169, 171, 172, 173, 174, 175, 178, 179, 180, 181, 182, 183, 184, 186, 187, 190, 192, 194, 195, 196, 197, 199, 200, 203, 204, 205, 206, 207, 209, 210, 216, 217, 218, 219, 220, 222, 225, 228, 229, 230, 231, 236, 237, 238, 240, 242, 245, 246, 247, 251, 253, 254, 256, 259, 260, 263, 264, 266, 268, 269, 272, 273, 274, 275, 276, 277, 278, 281, 283, 285, 286, 287, 289, 291, 292, 293, 294, 295, 296, 297, 298, 300, 301, 302, 303, 305, 311, 314, 320, 322, 323, 325, 327, 328, 329, 330, 332, 333, 334, 335, 336, 337, 338, 340, 342, 343, 346, 347, 349, 350, 351, 352, 353, 355, 356, 358, 360, 361, 362, 364, 368, 369, 373, 374, 376, 377, 378, 381, 382, 383, 385, 386, 387, 388, 389, 390, 392, 393, 394, 397, 398, 399]
(Iter. 44) BestSol = Solution: cost=[14897.0], size=[252], elements=[0, 2, 3, 5, 7, 8, 9, 10, 12, 13, 14, 15, 16, 18, 22, 23, 24, 25, 28, 29, 30, 31, 32, 34, 35, 37, 38, 47, 48, 50, 52, 54, 57, 58, 59, 60, 61, 63, 64, 65, 66, 67, 68, 69, 70, 71, 72, 73, 74, 76, 77, 79, 81, 83, 84, 85, 88, 92, 94, 96, 97, 98, 99, 101, 103, 104, 105, 108, 109, 110, 111, 112, 113, 116, 118, 119, 120, 121, 122, 124, 125, 127, 128, 130, 131, 133, 136, 139, 140, 141, 142, 144, 145, 146, 147, 148, 149, 150, 151, 157, 158, 159, 160, 164, 165, 166, 167, 168, 169, 170, 171, 172, 173, 174, 175, 176, 177, 178, 179, 180, 181, 182, 183, 184, 186, 187, 190, 192, 194, 195, 196, 197, 199, 200, 203, 204, 205, 206, 207, 209, 210, 216, 217, 218, 219, 220, 222, 225, 228, 229, 230, 231, 236, 237, 238, 242, 245, 246, 247, 248, 251, 253, 254, 256, 259, 260, 264, 266, 268, 269, 272, 274, 275, 276, 278, 281, 283, 285, 286, 287, 289, 291, 292, 293, 294, 295, 296, 297, 298, 300, 301, 302, 303, 305, 311, 312, 314, 320, 321, 322, 323, 325, 327, 328, 329, 330, 332, 333, 334, 335, 336, 337, 338, 340, 342, 343, 346, 347, 349, 350, 351, 352, 353, 355, 356, 358, 360, 361, 362, 364, 368, 369, 373, 374, 376, 377, 378, 381, 382, 383, 385, 386, 388, 389, 390, 391, 392, 393, 394, 397, 398, 399]
(Iter. 66) BestSol = Solution: cost=[14901.0], size=[249], elements=[0, 2, 3, 5, 7, 8, 9, 10, 12, 13, 14, 15, 16, 18, 22, 23, 24, 25, 28, 29, 30, 31, 32, 34, 35, 37, 38, 42, 47, 48, 50, 52, 54, 57, 58, 59, 60, 61, 63, 64, 65, 66, 67, 68, 69, 70, 71, 72, 73, 74, 76, 77, 79, 81, 83, 84, 85, 88, 92, 94, 96, 97, 98, 99, 101, 103, 104, 105, 108, 109, 110, 111, 112, 113, 116, 118, 119, 120, 121, 122, 124, 125, 127, 128, 130, 131, 133, 136, 139, 140, 141, 144, 145, 146, 147, 148, 149, 150, 151, 157, 158, 159, 160, 164, 165, 166, 167, 168, 169, 170, 171, 172, 173, 174, 175, 176, 177, 178, 179, 180, 181, 182, 183, 184, 186, 187, 190, 192, 194, 195, 196, 197, 199, 200, 203, 204, 205, 206, 207, 209, 210, 216, 217, 218, 219, 220, 222, 225, 228, 229, 230, 231, 236, 237, 238, 242, 245, 246, 247, 251, 253, 254, 256, 259, 260, 264, 266, 268, 269, 272, 274, 275, 276, 278, 281, 283, 285, 286, 287, 289, 291, 292, 293, 294, 295, 296, 297, 300, 301, 302, 303, 305, 311, 312, 314, 320, 321, 322, 323, 325, 327, 328, 329, 330, 332, 333, 334, 335, 336, 337, 338, 340, 342, 343, 346, 347, 349, 350, 351, 352, 353, 355, 356, 358, 360, 362, 364, 368, 369, 373, 374, 376, 377, 378, 381, 382, 383, 385, 386, 388, 389, 390, 391, 392, 393, 394, 397, 398, 399]
(Iter. 78) BestSol = Solution: cost=[14917.0], size=[250], elements=[0, 2, 3, 5, 7, 8, 9, 12, 13, 14, 15, 16, 18, 22, 23, 24, 25, 28, 29, 30, 31, 34, 35, 37, 38, 42, 47, 48, 49, 50, 52, 54, 57, 58, 59, 60, 61, 63, 64, 65, 66, 67, 68, 69, 70, 72, 73, 74, 76, 77, 79, 80, 81, 83, 84, 85, 88, 92, 94, 96, 97, 99, 101, 103, 104, 105, 107, 108, 110, 111, 112, 113, 116, 118, 119, 120, 121, 122, 123, 124, 125, 127, 128, 130, 131, 133, 136, 139, 140, 141, 142, 144, 145, 146, 147, 148, 149, 150, 151, 157, 158, 159, 160, 164, 165, 167, 168, 169, 171, 173, 174, 175, 178, 179, 180, 181, 182, 183, 184, 186, 187, 189, 190, 192, 194, 195, 196, 197, 198, 199, 200, 203, 204, 205, 206, 207, 209, 210, 216, 217, 218, 219, 222, 224, 225, 228, 229, 230, 231, 236, 237, 241, 242, 245, 246, 247, 251, 254, 256, 259, 260, 263, 264, 266, 268, 269, 272, 273, 274, 275, 276, 278, 281, 283, 285, 286, 287, 289, 291, 292, 293, 294, 295, 296, 297, 300, 301, 302, 303, 305, 311, 312, 314, 315, 318, 319, 320, 321, 322, 323, 325, 327, 328, 329, 330, 332, 333, 334, 335, 336, 337, 338, 340, 342, 343, 346, 347, 349, 350, 351, 352, 353, 355, 356, 358, 360, 362, 364, 368, 369, 373, 374, 376, 377, 378, 381, 382, 383, 385, 386, 388, 389, 390, 391, 392, 393, 394, 397, 398, 399]
(Iter. 89) BestSol = Solution: cost=[14922.0], size=[246], elements=[0, 2, 3, 5, 7, 8, 9, 12, 13, 14, 15, 16, 18, 22, 23, 24, 25, 28, 29, 30, 31, 34, 35, 37, 38, 42, 47, 48, 49, 50, 52, 54, 57, 58, 59, 60, 61, 63, 64, 65, 66, 67, 68, 69, 70, 73, 74, 76, 77, 79, 80, 81, 83, 84, 85, 88, 92, 94, 96, 97, 99, 101, 103, 104, 105, 107, 108, 110, 111, 112, 113, 116, 118, 119, 120, 121, 122, 123, 124, 125, 127, 128, 130, 131, 133, 136, 139, 140, 141, 142, 144, 145, 146, 147, 148, 149, 150, 151, 157, 158, 159, 160, 164, 165, 167, 168, 169, 171, 173, 174, 175, 178, 179, 180, 181, 182, 183, 184, 186, 187, 189, 190, 192, 194, 195, 196, 197, 198, 199, 200, 203, 204, 205, 206, 207, 209, 210, 216, 217, 218, 222, 224, 225, 228, 229, 230, 231, 236, 237, 241, 242, 245, 246, 247, 251, 254, 256, 259, 260, 263, 264, 266, 268, 269, 272, 273, 274, 275, 276, 278, 281, 283, 285, 286, 287, 289, 291, 292, 293, 294, 295, 296, 297, 300, 301, 302, 303, 305, 311, 312, 314, 319, 320, 321, 322, 323, 325, 327, 328, 329, 330, 332, 333, 334, 335, 336, 337, 338, 340, 342, 343, 346, 347, 349, 350, 351, 352, 353, 355, 356, 358, 360, 362, 364, 368, 369, 373, 374, 376, 377, 378, 381, 382, 383, 385, 386, 388, 389, 390, 391, 392, 393, 394, 397, 398, 399]
Total time limit reached, stopping this instance.
Cost: 14922.0, Size: 246, Iterations: 124, Time: 1801.437s

Running PADRÃO+HC3...
(Iter. 0) BestSol = Solution: cost=[14864.0], size=[251], elements=[2, 3, 5, 6, 7, 8, 9, 10, 12, 13, 14, 15, 16, 18, 22, 23, 24, 25, 28, 29, 30, 31, 34, 35, 37, 38, 42, 47, 48, 50, 52, 54, 57, 58, 59, 60, 63, 64, 65, 66, 67, 68, 69, 70, 71, 72, 73, 76, 77, 79, 81, 83, 84, 85, 88, 92, 94, 96, 97, 99, 101, 102, 103, 104, 105, 107, 109, 110, 111, 112, 113, 116, 118, 119, 120, 121, 122, 123, 124, 125, 127, 128, 130, 131, 133, 136, 139, 140, 141, 144, 145, 146, 147, 148, 149, 150, 151, 155, 157, 158, 159, 160, 164, 165, 166, 168, 169, 171, 172, 173, 174, 175, 178, 179, 180, 181, 182, 183, 184, 186, 187, 190, 192, 194, 195, 196, 197, 198, 199, 200, 201, 203, 204, 205, 206, 207, 209, 210, 214, 216, 217, 218, 219, 220, 222, 225, 228, 229, 230, 231, 233, 237, 242, 245, 246, 247, 251, 253, 254, 256, 259, 260, 263, 264, 266, 268, 269, 272, 274, 275, 276, 277, 278, 281, 283, 285, 286, 287, 289, 291, 292, 293, 294, 295, 296, 297, 298, 300, 301, 302, 303, 305, 311, 312, 314, 315, 320, 322, 323, 327, 328, 329, 330, 332, 333, 334, 335, 336, 337, 338, 340, 342, 343, 346, 347, 349, 350, 351, 352, 353, 355, 356, 358, 360, 361, 362, 364, 368, 369, 373, 374, 376, 377, 378, 381, 382, 383, 385, 386, 387, 388, 389, 390, 391, 392, 393, 394, 395, 397, 398, 399]
(Iter. 4) BestSol = Solution: cost=[14886.0], size=[249], elements=[2, 3, 5, 6, 7, 8, 9, 10, 12, 13, 14, 15, 16, 18, 22, 23, 24, 25, 28, 29, 30, 31, 32, 34, 35, 37, 38, 42, 45, 47, 48, 50, 52, 54, 57, 58, 59, 60, 63, 64, 65, 66, 67, 68, 69, 70, 72, 73, 76, 77, 79, 81, 83, 84, 85, 88, 90, 92, 94, 96, 97, 98, 99, 101, 103, 104, 105, 107, 108, 109, 110, 111, 112, 113, 116, 118, 119, 121, 122, 125, 127, 128, 130, 131, 133, 136, 139, 140, 141, 144, 145, 146, 147, 148, 149, 150, 151, 155, 157, 158, 159, 160, 164, 165, 166, 168, 169, 171, 172, 173, 174, 175, 176, 178, 179, 180, 181, 182, 183, 184, 187, 190, 192, 194, 195, 197, 199, 200, 204, 205, 208, 209, 210, 214, 216, 217, 218, 219, 220, 222, 225, 228, 229, 230, 231, 233, 237, 242, 245, 246, 247, 251, 253, 254, 256, 259, 260, 261, 263, 264, 266, 268, 269, 272, 274, 275, 276, 277, 278, 281, 283, 285, 286, 287, 289, 291, 292, 293, 294, 295, 296, 297, 298, 300, 301, 302, 303, 305, 311, 312, 314, 320, 321, 322, 323, 324, 325, 327, 328, 329, 330, 332, 333, 334, 335, 336, 337, 338, 340, 342, 343, 346, 347, 349, 350, 351, 352, 353, 355, 356, 358, 360, 361, 362, 364, 365, 368, 369, 373, 374, 376, 377, 378, 381, 382, 383, 385, 386, 387, 388, 389, 390, 392, 393, 394, 395, 397, 398, 399]
(Iter. 13) BestSol = Solution: cost=[14900.0], size=[249], elements=[2, 3, 5, 6, 7, 8, 9, 12, 13, 14, 15, 16, 18, 22, 23, 24, 25, 28, 29, 30, 31, 34, 35, 37, 38, 42, 47, 48, 50, 52, 54, 57, 58, 59, 60, 63, 64, 65, 66, 67, 68, 69, 70, 72, 73, 76, 77, 79, 80, 81, 83, 84, 85, 88, 90, 92, 94, 96, 97, 98, 99, 101, 103, 104, 105, 107, 108, 109, 110, 111, 112, 113, 116, 118, 119, 121, 122, 124, 125, 127, 128, 130, 131, 133, 136, 139, 140, 141, 144, 145, 146, 147, 148, 149, 150, 151, 157, 158, 159, 160, 164, 165, 166, 168, 169, 171, 172, 173, 174, 175, 176, 178, 179, 180, 181, 182, 183, 184, 187, 190, 192, 194, 195, 196, 197, 199, 200, 204, 205, 206, 208, 209, 210, 214, 216, 217, 218, 219, 220, 222, 225, 228, 229, 230, 231, 237, 241, 242, 244, 245, 246, 247, 251, 254, 256, 259, 260, 263, 264, 266, 268, 269, 271, 272, 273, 274, 275, 276, 278, 281, 283, 285, 286, 287, 289, 291, 292, 293, 294, 295, 296, 297, 300, 301, 302, 303, 305, 311, 312, 314, 315, 319, 320, 321, 322, 323, 324, 327, 328, 329, 330, 332, 333, 334, 335, 336, 337, 338, 340, 341, 342, 343, 346, 347, 349, 350, 351, 352, 353, 355, 356, 358, 360, 362, 364, 365, 368, 369, 373, 374, 376, 377, 378, 381, 382, 383, 385, 386, 388, 389, 390, 391, 392, 393, 394, 395, 397, 398, 399]
(Iter. 86) BestSol = Solution: cost=[14912.0], size=[251], elements=[0, 2, 3, 5, 7, 8, 9, 12, 13, 14, 15, 16, 18, 22, 23, 24, 25, 28, 29, 30, 31, 34, 35, 37, 38, 42, 47, 48, 49, 50, 52, 54, 57, 58, 59, 60, 61, 63, 64, 65, 66, 67, 68, 69, 70, 72, 73, 74, 76, 77, 79, 80, 81, 83, 84, 85, 88, 90, 92, 93, 94, 96, 97, 99, 101, 103, 104, 105, 107, 108, 110, 111, 112, 113, 116, 118, 119, 120, 121, 122, 123, 124, 125, 127, 130, 131, 133, 136, 139, 140, 141, 142, 144, 145, 146, 147, 148, 149, 150, 151, 157, 158, 159, 160, 164, 165, 167, 168, 169, 171, 173, 174, 175, 178, 179, 180, 181, 182, 183, 184, 186, 187, 189, 190, 192, 194, 195, 196, 197, 198, 199, 200, 203, 204, 205, 206, 207, 209, 210, 216, 217, 218, 219, 222, 224, 225, 228, 229, 230, 231, 236, 237, 241, 242, 245, 246, 247, 251, 254, 256, 259, 260, 263, 264, 266, 268, 269, 272, 273, 274, 275, 276, 278, 281, 283, 285, 286, 287, 289, 291, 292, 293, 294, 295, 296, 297, 300, 301, 302, 303, 305, 311, 312, 314, 315, 318, 319, 320, 321, 322, 323, 325, 327, 328, 329, 330, 332, 333, 334, 335, 336, 337, 338, 340, 342, 343, 346, 347, 349, 350, 351, 352, 353, 355, 356, 358, 360, 362, 364, 368, 369, 373, 374, 376, 377, 378, 381, 382, 383, 385, 386, 388, 389, 390, 391, 392, 393, 394, 397, 398, 399]
(Iter. 115) BestSol = Solution: cost=[14917.0], size=[250], elements=[0, 2, 3, 5, 7, 8, 9, 12, 13, 14, 15, 16, 18, 22, 23, 24, 25, 28, 29, 30, 31, 34, 35, 37, 38, 42, 47, 48, 49, 50, 52, 54, 57, 58, 59, 60, 61, 63, 64, 65, 66, 67, 68, 69, 70, 72, 73, 74, 76, 77, 79, 80, 81, 83, 84, 85, 88, 92, 94, 96, 97, 99, 101, 103, 104, 105, 107, 108, 110, 111, 112, 113, 116, 118, 119, 120, 121, 122, 123, 124, 125, 127, 128, 130, 131, 133, 136, 139, 140, 141, 142, 144, 145, 146, 147, 148, 149, 150, 151, 157, 158, 159, 160, 164, 165, 167, 168, 169, 171, 173, 174, 175, 178, 179, 180, 181, 182, 183, 184, 186, 187, 189, 190, 192, 194, 195, 196, 197, 198, 199, 200, 203, 204, 205, 206, 207, 209, 210, 216, 217, 218, 219, 222, 224, 225, 228, 229, 230, 231, 236, 237, 241, 242, 245, 246, 247, 251, 254, 256, 259, 260, 263, 264, 266, 268, 269, 272, 273, 274, 275, 276, 278, 281, 283, 285, 286, 287, 289, 291, 292, 293, 294, 295, 296, 297, 300, 301, 302, 303, 305, 311, 312, 314, 315, 318, 319, 320, 321, 322, 323, 325, 327, 328, 329, 330, 332, 333, 334, 335, 336, 337, 338, 340, 342, 343, 346, 347, 349, 350, 351, 352, 353, 355, 356, 358, 360, 362, 364, 368, 369, 373, 374, 376, 377, 378, 381, 382, 383, 385, 386, 388, 389, 390, 391, 392, 393, 394, 397, 398, 399]
Total time limit reached, stopping this instance.
Cost: 14917.0, Size: 250, Iterations: 125, Time: 1811.610s

================================================================================
RESULTS SUMMARY
================================================================================
Configuration   Cost       Size   Time(s)  Iterations Feasible  
--------------------------------------------------------------------------------
PADRÃO+HC1      14919.00   246    1811.685 124        1         
PADRÃO+HC2      14922.00   246    1801.437 124        1         
PADRÃO+HC3      14917.00   250    1811.610 125        1         
